x_1,x_2,x_3,x_4,x_5,x_6,x_7,x_8,x_9,x_10,x_11,x_12,x_13,x_14,x_15,x_16,x_17,x_18,x_19,x_20,x_21,x_22,x_23,x_24,x_25,x_26,x_27,x_28,x_29,x_30,x_31,x_32,x_33,x_34,x_35,x_36,x_37,x_38,x_39,x_40,x_41,x_42,loss,bo_iteration
3.5958988666534424,0.6227366924285889,2.1712613105773926,3.3640451431274414,2.4408068656921387,2.761636972427368,1.464187502861023,1.0412553548812866,3.4368317127227783,3.9552814960479736,0.0024656541645526,3.363696575164795,2.356395721435547,2.029834747314453,0.9607515335083008,1.7533763647079468,0.6804392337799072,1.896490812301636,2.090667724609375,0.9046042561531068,0.5279589891433716,0.9004834890365601,1.6598470211029053,0.6559536457061768,1.4638324975967407,2.5516953468322754,0.3372811377048492,0.3570733666419983,3.79396915435791,0.3441191017627716,1.5115432739257812,0.4482683539390564,0.7126213312149048,2.490153789520264,2.1471915245056152,3.1812520027160645,0.6923874616622925,1.8374427556991575,1.9099096059799197,0.5681867003440857,3.252232074737549,2.3849008083343506,0.9050045070314048,0
1.562589406967163,3.079486846923828,1.5041990280151367,0.2878065705299377,0.0796387195587158,1.9410722255706787,3.907240867614746,2.440426111221313,1.637946367263794,0.2311712205410003,2.6222691535949707,0.1450003981590271,1.1445993185043335,0.681204080581665,2.422935724258423,3.1305911540985107,2.96223258972168,3.697730302810669,0.5911687612533569,3.938113689422608,3.200704574584961,3.744526624679565,3.0114312171936035,2.915020704269409,3.225367546081543,0.7483991384506226,2.9404373168945312,3.0247504711151123,1.7513359785079956,3.3347814083099365,3.933264017105103,3.4760079383850098,3.6596200466156006,1.404443383216858,1.0464882850646973,1.1346731185913086,2.6414427757263184,3.3712916374206543,2.8262417316436768,2.8087821006774902,1.090752363204956,1.6329874992370603,0.9452091171779304,0
0.4941031336784363,1.2708526849746704,3.040855884552002,2.901848793029785,1.75063955783844,0.0666216760873794,0.703857421875,3.626533269882202,0.1349273473024368,1.5079634189605713,3.0521903038024902,1.8312456607818604,3.9295670986175537,3.065391540527344,3.3689563274383545,0.7762718796730042,3.206852674484253,0.1852588802576065,1.935172200202942,1.0737769603729248,1.8934075832366943,2.8369057178497314,0.2881571650505066,1.628042459487915,0.9822608828544616,1.0809009075164795,1.7535440921783447,2.150145530700684,2.943873882293701,2.5189011096954346,0.5875155925750732,1.9342710971832275,1.9027988910675049,0.9730964303016664,0.620039701461792,0.9196048378944396,1.3232883214950562,0.0259588845074176,0.5013331174850464,1.9515858888626096,2.6147117614746094,0.8580535054206848,0.9336616263973552,0
2.4646685123443604,2.8062143325805664,0.6277076005935669,1.9462920427322388,3.642858505249024,3.1371865272521973,2.1669301986694336,0.8528449535369873,2.9299139976501465,2.303386211395264,1.573009967803955,2.6749422550201416,0.5771609544754028,1.724576711654663,1.7803611755371094,2.152510166168213,1.4241002798080444,2.470508098602295,3.43371057510376,2.020981788635254,2.316397428512573,1.55517840385437,2.8896822929382324,3.926105260848999,2.704977512359619,3.148820161819458,3.400158643722534,1.4817016124725342,0.9793649315834044,1.5370287895202637,2.9784159660339355,2.891455888748169,2.9753313064575195,3.890380144119263,3.691193819046021,2.904118537902832,3.2801339626312256,2.5616977214813232,3.731385946273804,3.67925763130188,0.7927929759025574,3.106121063232422,0.8946711006760385,0
2.8233299255371094,1.7674167156219482,1.4672846794128418,1.175900101661682,3.063558340072632,2.0974762439727783,0.0684777498245239,3.2814958095550537,0.8130185604095459,0.7737127542495728,3.9130547046661377,2.4560348987579346,3.0733957290649414,0.1047018468379974,1.2023429870605469,2.812597274780273,1.8072911500930784,2.66825270652771,1.1885361671447754,0.0759897530078888,0.0597122013568878,0.2607172131538391,0.5898003578186035,3.166756629943848,2.094237327575684,1.8745654821395876,1.0894287824630735,3.9488327503204346,3.27506685256958,0.5238420367240906,0.2356155216693878,0.667818009853363,2.2851226329803467,0.434762179851532,1.7800370454788208,1.7579114437103271,2.386110782623291,2.329406499862671,0.4924705624580383,3.3170971870422363,0.4478101730346679,1.4403561353683472,0.9423355106059362,0
0.8527331352233887,2.3096923828125,2.8646697998046875,2.2249817848205566,1.4570136070251465,1.1675498485565186,2.55889630317688,0.1958071589469909,2.1119039058685303,3.0378623008728027,1.4621793031692505,1.0497314929962158,0.4255806803703308,2.699430465698242,3.665938138961792,0.1941724568605423,3.589099645614624,0.9845659732818604,3.688037872314453,3.0186774730682373,3.730476140975952,3.1040194034576416,2.238215684890747,1.403851866722107,0.3401485681533813,3.926993846893311,3.689395904541016,0.6869136095046997,1.3026862144470217,3.5457539558410645,2.3137106895446777,3.6325082778930655,1.33714759349823,3.4599571228027344,2.913947820663452,3.805070161819458,0.4674979150295257,0.8642224073410034,3.2713894844055176,1.0599013566970823,2.1446900367736816,2.688362836837769,0.8955367719967716,0
1.2039319276809692,0.1182914972305297,0.3368791937828064,0.5895124673843384,0.6277474761009216,0.7929772734642029,1.826122522354126,1.8866549730300903,3.6152243614196777,2.6898000240325928,0.8916046619415283,0.9898839592933656,2.6408493518829346,1.054000973701477,2.5949175357818604,3.837446451187134,2.32982873916626,3.382810115814209,2.781533718109131,1.8984867334365845,1.425159573554993,2.445422887802124,1.4680514335632324,2.1781539916992188,3.5853142738342285,2.275108575820923,0.5012896656990051,1.5620185136795044,2.486495018005371,2.35479736328125,1.1592159271240234,1.215267777442932,3.099827289581299,2.9186246395111084,3.486880302429199,2.0275232791900635,3.505300521850586,3.517889499664306,1.0885318517684937,2.202191114425659,1.6852470636367798,3.787515163421631,0.906287898610282,0
3.2372727394104004,3.5839052200317383,3.988178253173828,3.5096116065979004,2.765861749649048,3.9729037284851074,3.3043339252471924,2.5968573093414307,1.3202375173568726,1.4969162940979004,2.483103036880493,3.5211877822875977,1.8523941040039065,3.640920639038086,0.0077334009110927,1.2180451154708862,0.0470306538045406,1.2143831253051758,0.282994270324707,2.9443228244781494,2.84616756439209,1.164434552192688,3.866525888442993,0.3761162161827087,1.854907274246216,0.4560773074626922,2.1515510082244877,2.8237204551696777,0.4672384262084961,1.3416755199432373,3.2689859867095947,2.234403371810913,0.0282709300518035,1.944729924201965,0.3239258527755737,0.0432840809226036,1.5788379907608032,1.0545991659164429,2.178730010986328,0.4286230206489563,3.9717652797698975,0.0355407111346721,0.9369754314073812,0
3.374610185623169,1.209046483039856,0.0190003402531147,2.3320038318634038,0.3783929049968719,3.329794883728028,0.3808654546737671,3.066744565963745,0.5686736106872559,2.226659059524536,2.23244857788086,3.081876277923584,0.2095265686511993,1.483140230178833,3.07767653465271,2.728445291519165,3.3503785133361816,2.137023687362671,1.421906590461731,1.3481922149658203,0.4364753365516662,3.31198787689209,1.0998331308364868,3.332465648651123,0.1970516443252563,2.93588924407959,2.6697168350219727,0.9240779280662536,1.058661937713623,2.0970253944396973,0.4717966616153717,2.566147565841675,0.9581648111343384,0.0946864932775497,1.4541841745376587,2.4210517406463623,0.136306494474411,2.7527918815612797,0.8501570224761963,2.567122459411621,1.26106595993042,2.219660758972168,0.9202870893316816,0
1.3415448665618896,2.7449727058410645,3.6800806522369385,1.2514889240264893,2.017178535461426,0.400357723236084,2.996405839920044,0.4185540378093719,2.3635382652282715,1.9595495462417605,0.6422910094261169,0.4255419969558716,3.295337915420532,3.82201099395752,1.5403562784194946,0.3585250079631805,1.0072020292282104,0.4533368349075317,3.92338228225708,2.3071138858795166,3.859220981597901,0.0927919745445251,3.7012975215911865,1.0968961715698242,2.4902026653289795,0.8641747832298279,0.0543536096811294,3.6940839290618896,3.0159058570861816,1.083903193473816,2.081446647644043,1.6092088222503662,3.921765089035034,3.010962724685669,2.3517696857452397,0.4055999219417572,2.2170581817626958,0.2884621024131775,3.885873794555664,0.8099074363708496,3.083937883377075,1.971558928489685,0.8916346324238096,0
0.7230097651481628,0.9364187121391296,1.146476149559021,3.933894395828247,3.813217639923096,1.5296911001205444,1.638601541519165,1.7343426942825315,3.862460374832153,0.2988722324371338,1.2128372192382812,1.6138064861297607,1.5132930278778076,0.4245860576629638,0.7202552556991577,3.734861850738525,0.7635412216186523,3.9140429496765137,2.579397201538086,0.6731599569320679,1.0474064350128174,1.4976660013198853,0.9712177515029908,2.321159839630127,1.7489194869995115,1.4613105058670044,3.241254568099976,2.568704128265381,0.2105159312486648,0.7659934163093567,1.423167705535889,3.0508251190185547,1.6415064334869385,2.6107664108276367,3.809842586517334,1.682734727859497,1.755488395690918,3.0642306804656982,1.6918246746063232,3.95216965675354,0.6215020418167114,0.5043035745620728,0.9492991800606908,0
2.693819284439087,3.392756938934326,2.561455011367798,0.9826061725616456,1.7053910493850708,2.7091281414031982,3.2419350147247314,2.7570431232452397,1.0636972188949585,3.512233257293701,3.662367820739746,2.8951404094696045,2.9897446632385254,2.7712697982788086,2.132155656814575,1.3659181594848633,2.60575795173645,1.745615839958191,0.078914076089859,3.73401141166687,2.7203962802886963,2.154179573059082,2.322863340377808,0.1246013045310974,3.940263986587525,3.2683799266815186,1.606847047805786,1.7994650602340698,2.24588394165039,3.787905693054199,3.001138925552368,0.0238159894943237,2.728687286376953,1.5260026454925537,0.8792900443077087,3.636121273040772,3.8284060955047607,1.5981329679489136,2.540773868560791,1.6786130666732788,2.7839815616607666,3.256251335144043,0.879824380745939,0
2.0847034454345703,0.4320499300956726,3.346023797988892,0.1437365710735321,1.0010337829589844,3.55621337890625,1.0266624689102173,1.3263171911239624,3.1811728477478027,1.0335851907730105,1.822721123695373,2.23950743675232,1.485674262046814,3.40139102935791,2.8354179859161377,1.6665081977844238,2.223289728164673,1.4277504682540894,2.294799327850342,1.678759217262268,0.9057276248931884,3.921480655670166,0.1546662449836731,0.8447328805923462,3.362604856491089,1.7394733428955078,3.921116828918457,3.270015954971313,1.50853168964386,2.776673555374145,1.7749420404434204,2.284555673599243,2.046293020248413,2.03923773765564,2.587336540222168,0.5299524068832397,2.943307638168335,1.2598828077316284,1.310039520263672,1.3182224035263062,2.4409914016723637,1.1641885042190552,0.8309063929376808,0
0.1138625144958496,3.897099018096924,0.9465630054473876,3.188786268234253,3.3944122791290283,0.7361339926719666,3.5948376655578613,2.162993669509888,1.886308193206787,2.778234004974365,3.302510023117065,1.270841360092163,2.0094897747039795,1.8086212873458865,0.298517644405365,3.2932653427124023,0.380067378282547,3.228989839553833,0.7933225631713867,2.728503704071045,3.326491594314575,0.7030256986618042,2.5532021522521973,2.5842621326446533,1.0776325464248655,3.5620555877685547,1.3021067380905151,0.0942520797252655,3.536029815673828,1.7948015928268433,3.665962457656861,1.264689564704895,1.0836695432662964,1.0662894248962402,1.7190446853637695,2.545740127563477,0.8907665610313416,3.796539068222046,2.453948736190796,3.058836936950684,0.1535198986530304,2.9161970615386963,0.8620303409303559,0
1.9506570100784304,1.7056868076324463,2.4734995365142822,1.6216800212860107,2.690230131149292,1.3655893802642822,0.7662405967712402,3.974156141281128,0.3876950144767761,3.4926412105560303,2.8725602626800537,0.7051986455917358,0.7912828326225281,2.4448118209838867,1.4936186075210571,0.674877405166626,1.640328049659729,0.6539956331253052,1.6998066902160645,0.3464967608451843,1.516659379005432,1.8569221496582031,1.7762320041656494,1.872735619544983,2.816824197769165,2.1435563564300537,2.4902055263519287,1.2191317081451416,0.7219089269638062,0.1019682064652443,0.8239981532096863,3.8328471183776855,3.354161739349365,0.556351900100708,0.1769868731498718,3.2603650093078613,3.074216365814209,0.5712923407554626,0.1558565944433212,0.2015464007854461,3.6764397621154794,3.574859142303467,0.8955367719967716,0
3.983753681182861,2.248374462127685,1.8279372453689573,2.5458037853240967,0.8282684683799744,2.435668706893921,2.354435443878174,0.5129736065864563,2.6864583492279053,0.6943191885948181,0.2521445453166961,3.798864364624024,3.7057080268859854,0.8442298173904419,3.905938863754273,2.3026111125946045,3.982560157775879,2.939244747161865,3.200292587280273,3.308717727661133,2.1876673698425293,2.5126967430114746,3.424586772918701,3.5731470584869385,0.6175451874732971,0.087598942220211,0.8589871525764465,2.395112991333008,2.702531337738037,3.09263014793396,2.745842933654785,0.8679108619689941,0.2660038471221924,3.5805392265319824,3.011840581893921,1.3074970245361328,1.0294501781463623,2.106176853179932,3.1115334033966064,2.429206609725952,1.978559613227844,0.3268182873725891,0.9311685334923984,0
3.826093196868897,1.5170429944992063,3.567017078399658,0.6598583459854126,3.5679023265838623,0.5737709999084473,3.847641944885254,3.851872205734253,2.4249372482299805,3.1571719646453857,0.4397882223129272,2.347654104232788,1.883928894996643,0.1334801912307739,1.636821746826172,1.9333535432815552,3.105978488922119,3.761484146118164,1.841288924217224,0.8013688921928406,3.8980302810668954,2.3469276428222656,3.320899248123169,2.6622772216796875,3.0867300033569336,2.38551664352417,0.6717816591262817,2.3052456378936768,3.24570894241333,1.9711085557937624,0.0582626238465309,1.7119121551513672,0.7806391716003418,0.2831135392189026,3.219517469406128,0.2574217319488525,1.4736714363098145,1.9457117319107056,1.849557876586914,3.383683204650879,2.117187023162842,3.376126289367676,0.84386117129184,0
1.8591891527175903,2.060279607772827,0.2340841591358184,3.736142873764038,1.9603500366210935,3.628694534301758,1.275070309638977,0.6255528330802917,0.6261739134788513,0.9047731757164,2.935446262359619,1.128820300102234,2.611112594604492,2.546564102172852,3.2292568683624268,3.059622287750244,1.2627713680267334,1.5856709480285645,3.340795516967773,3.853921890258789,0.3190383315086365,1.003159999847412,1.969252109527588,0.8919883370399475,1.3486324548721311,0.3129543960094452,2.0522677898406982,1.074641227722168,1.2107062339782717,2.957864284515381,2.3865408897399902,2.738858222961426,3.8492043018341056,3.3224036693573,0.0878098905086517,2.3045814037323,3.422719240188598,3.482246160507202,2.8831770420074463,1.2353816032409668,0.2903777658939361,0.628088653087616,0.856620055218978,0
0.2091603130102157,0.3686809241771698,2.689610004425049,1.0742489099502563,0.1311546117067337,2.2542436122894287,2.1016244888305664,1.441398859024048,1.1311951875686646,1.3700082302093506,3.4898715019226074,0.8170223236083984,0.330284982919693,1.2078474760055542,2.0333096981048584,0.9085201025009156,0.5073918104171753,2.031705141067505,2.183834314346313,1.219996213912964,2.525318384170532,0.4078544974327087,2.69936203956604,3.682143211364746,2.6093010902404785,1.9814335107803345,1.2394051551818848,0.1997425258159637,2.0157299041748047,3.1419076919555664,1.103414535522461,0.1711736917495727,1.5884472131729126,2.797307014465332,1.5123134851455688,3.519223928451538,0.6045190691947937,0.1361952573060989,0.6943994164466858,2.0032732486724854,3.750732421875,1.849250316619873,0.9118283888185011,0
2.2383203506469727,3.8333022594451904,1.102763295173645,2.0297601222991943,2.2701542377471924,1.4493201971054075,0.517822265625,2.0422356128692627,3.9260599613189697,2.566826343536377,1.8848366737365725,3.6608567237854,3.166828393936157,3.613115310668945,0.5671491622924805,2.0357654094696045,2.849639177322388,0.3711516559123993,0.6852885484695435,2.187221050262451,1.196082353591919,3.1893081665039062,0.0978998690843582,1.8884683847427368,0.8318970203399658,3.787410974502564,3.6086602210998535,3.430137157440185,0.0588531419634819,0.1639419794082641,3.4625132083892822,3.1280534267425537,2.531600952148437,1.8395901918411253,2.677460193634033,1.5349839925765991,2.5613417625427246,2.670713424682617,3.541739225387573,0.3698495030403137,1.5921900272369385,2.10125470161438,0.8529941339477493,0
2.598445177078247,0.8721036314964294,0.8022493720054626,2.8470709323883057,2.945311546325684,0.2848543524742126,2.74872088432312,1.5958845615386963,1.825155258178711,0.1040528714656829,3.5997555255889893,3.442784309387207,0.6708910465240479,2.247150421142578,0.3954114615917206,2.992849588394165,2.483314752578736,0.5483765602111816,2.938161611557007,0.2256884425878524,3.427800416946411,2.987915515899658,2.422621250152588,1.1439073085784912,0.4709736704826355,1.1891074180603027,1.9190236330032349,1.9049535989761357,3.702356338500977,1.1507588624954224,1.6887130737304688,1.4298166036605835,2.2236998081207275,2.352722406387329,0.8522425293922424,2.677834987640381,3.667403221130371,2.4381628036499023,0.3105771243572235,0.6342911124229431,1.186738133430481,0.4471776783466339,0.8955367719967716,0
0.569255530834198,3.3298451900482178,3.404857635498047,1.7979432344436646,0.5830748081207275,3.4804162979125977,0.1297644227743148,2.8856747150421143,3.1239185333251958,3.8320374488830566,1.024978756904602,0.0366186834871768,3.83409595489502,0.587968647480011,2.986572027206421,0.1234177276492118,0.1401229798793792,2.857367515563965,0.438652753829956,3.1815593242645264,0.85079026222229,1.644398808479309,0.7742688655853271,3.410236597061157,2.217249870300293,3.0108284950256348,3.304163694381714,2.72882342338562,1.7220993041992188,2.16876482963562,3.86061692237854,2.3948121070861816,1.156110763549805,1.252916932106018,3.954657554626465,0.6312552094459534,1.7487672567367554,0.97371107339859,3.456707000732422,2.9847421646118164,3.47033429145813,3.699120998382568,0.8674068816683705,0
1.499068021774292,1.0214710235595703,1.9248422384262085,3.387514352798462,1.2541311979293823,2.605843305587769,3.489611387252808,3.19677996635437,2.6187102794647217,2.422477960586548,0.5798999667167664,1.97091543674469,1.1151599884033203,3.15765380859375,3.807519197463989,3.969968795776367,1.880852460861206,1.2756216526031494,1.0331141948699951,1.799585223197937,2.0550899505615234,0.7981176376342773,3.551269054412842,0.1405780464410781,1.9583961963653564,2.663686037063598,0.4920258820056915,3.604214668273926,2.535853862762451,3.977884531021118,0.6439884305000305,0.9527227878570556,3.4071030616760254,0.8678346872329712,2.379762887954712,1.408373236656189,2.2865240573883057,3.628615140914917,1.1532204151153564,1.7521884441375732,0.9453415274620056,2.794365167617798,0.9841657677709436,0
3.4660017490386963,2.555870771408081,2.2735366821289062,0.4674608111381531,3.14729642868042,1.6602814197540283,1.889697790145874,0.2824763059616089,0.3238457441329956,1.6387457847595217,2.045299768447876,2.502081632614136,2.3877551555633545,1.5062811374664309,1.3400840759277344,1.1015135049819946,3.723053932189941,3.068622350692749,3.5316617488861084,2.855674982070923,1.7278355360031128,3.5793185234069824,1.1527316570281982,2.4304001331329346,3.727865695953369,0.6066233515739441,2.8571457862854004,0.7795855402946472,0.5087226629257202,0.9686685800552368,2.784217357635498,3.972651720046997,0.4629734754562378,3.7689404487609854,1.3103158473968506,3.392888069152832,0.3600539267063141,1.1621509790420532,2.1106295585632324,3.6209657192230233,2.647096872329712,1.0462665557861328,0.908849244928999,0
3.078376293182373,0.1824240386486053,1.7427208423614502,1.6293997764587402,1.505445957183838,1.0174167156219482,2.811211347579956,1.7560703754425049,1.572387933731079,2.901236295700073,2.295743942260742,2.066668748855591,3.5501420497894287,3.367796897888184,2.269890546798706,2.579443454742432,0.9243510961532592,0.0171361900866031,2.673502206802368,1.4514422416687012,3.0525174140930176,1.943484902381897,3.887747287750244,1.3573592901229858,2.324213743209839,2.000436782836914,2.33916449546814,2.9760420322418213,1.9790524244308472,3.720031976699829,1.956445336341858,3.32839035987854,0.5193467140197754,2.176723957061768,0.4134745597839355,1.0167680978775024,1.9175758361816408,2.893775701522827,0.9069911241531372,1.3843278884887695,0.1239095330238342,3.230386734008789,0.8660658756384305,0
1.111716389656067,3.6465113162994394,2.081634759902954,2.709960460662842,3.897939920425415,2.212491273880005,0.3173767328262329,2.733362436294556,3.3673746585845947,1.160464644432068,0.829487681388855,1.41047203540802,0.9489569067955016,1.9683791399002075,0.8618446588516235,0.4605302214622497,2.706174850463867,2.326127052307129,0.1720343977212906,2.391321420669556,0.7235254049301147,2.662466287612915,1.2862237691879272,3.0885274410247803,0.1170001700520515,0.1980036795139312,0.9386588335037231,1.6440852880477903,3.9441709518432617,0.7108163833618164,3.596794366836548,0.3712684512138366,3.60256028175354,1.2180006504058838,3.279564380645752,3.032554626464844,3.998350381851196,0.4282251894474029,3.825620174407959,3.234797954559326,2.281513929367065,0.9784090518951416,0.921969516859221,0
0.9487481117248536,1.955297827720642,0.6230576634407043,0.1047034636139869,2.1936910152435303,3.841825008392334,3.052010297775269,3.4195268154144287,2.8743696212768555,0.5632913112640381,1.2745380401611328,0.5967797636985779,2.226848125457764,2.2860307693481445,1.9320024251937864,3.571089029312134,3.4625136852264404,1.8068584203720093,1.3290380239486694,0.5269557237625122,2.433346509933472,3.754659414291382,2.009467601776123,0.3605969846248626,3.871938943862915,1.5998938083648682,3.751513957977295,0.518968939781189,0.7510229349136353,1.3929829597473145,0.876137375831604,2.7890124320983887,1.8339906930923464,0.6615548133850098,2.8234527111053467,2.7549948692321777,0.0367043428122997,3.203275680541992,1.5020767450332642,0.0021478198468685,1.7596359252929688,1.515061855316162,0.9118283888185011,0
2.978152275085449,2.498976945877075,3.2080729007720947,3.055945873260498,0.332736074924469,0.8967503309249878,1.577218770980835,0.0677250251173973,0.0754841715097427,3.373299121856689,3.8501672744750977,3.8779759407043457,1.266272783279419,0.8788002729415894,3.4653608798980717,1.451199293136597,1.1797308921813965,3.59985899925232,3.829513549804688,3.5677878856658936,1.8541104793548584,0.5983583927154541,0.6578811407089233,2.068394422531128,1.5634069442749023,3.6689202785491934,1.4022784233093262,3.85113525390625,2.794267177581787,2.410988569259644,2.5481653213500977,1.7613320350646973,2.793745994567871,3.701790571212769,1.9864075183868408,0.8021278381347656,2.1096296310424805,1.7398635149002075,2.733938217163086,2.3709137439727783,3.5854299068450928,2.2630727291107178,0.916067502274238,0
2.368546724319458,1.4596800804138184,2.884441614151001,3.816734313964844,0.8827064037322998,1.8690794706344604,3.6600451469421382,3.512000799179077,2.1777007579803467,1.8287385702133176,1.6354023218154907,3.221508026123047,2.77003026008606,1.2628390789031982,3.512342691421509,1.5177805423736572,1.5477542877197266,3.292755126953125,1.5434463024139404,1.5290764570236206,3.5197885036468506,1.334723711013794,2.864593267440796,2.836547374725342,1.2358089685440063,1.3233155012130735,3.0876424312591557,1.3137588500976562,1.466926097869873,3.3997607231140137,0.2909647524356842,3.547466993331909,2.478034257888794,0.2462756633758545,3.5460150241851807,3.906892061233521,3.2245841026306152,1.40233051776886,1.4953275918960571,2.6337075233459477,3.1778783798217773,0.1593219935894012,0.8912000066936604,0
0.3391129076480865,2.9946138858795166,1.283908128738403,0.7716388702392578,2.5205464363098145,2.923511743545532,1.2125953435897827,0.9731756448745728,0.8827140927314758,2.107595920562744,3.2393367290496826,0.2527041733264923,1.7308422327041626,3.916155815124512,1.103984236717224,3.3954837322235107,3.829532384872437,1.1169418096542358,3.0449159145355225,2.56563663482666,0.1927783042192459,2.053454160690308,0.4661164879798889,0.6092167496681213,3.450468778610229,3.376589775085449,1.6912719011306765,2.052449941635132,3.486792087554932,0.4217946529388428,2.149943351745605,0.5282723307609558,1.393843650817871,3.148326873779297,0.6467188596725464,1.891440987586975,1.172050714492798,3.935812950134277,2.272072553634644,0.9853869676589966,1.4770609140396118,3.907393932342529,0.9480740139058842,0
1.721318006515503,0.6858009099960327,3.7647783756256095,2.4178466796875,3.3165340423583984,3.0529675483703613,2.414119243621826,1.163966417312622,1.3755398988723757,3.635444879531861,2.684882879257202,1.6929172277450562,3.4526991844177246,0.3294650912284851,0.1588264405727386,0.5113796591758728,2.0897927284240723,2.5004379749298096,2.450412511825561,0.4454138576984405,2.9006171226501465,3.394669771194458,3.236250638961792,3.816589832305908,0.6936826705932617,2.794110059738159,2.503417491912842,3.1770739555358887,0.3023729920387268,1.7288849353790283,1.3708454370498655,2.0695056915283203,3.168273448944092,2.732139825820923,1.1907206773757937,0.1763866543769836,2.855424165725708,0.7118030786514282,0.0877266675233841,3.7532527446746826,2.938577175140381,2.569960355758667,0.8776198561570758,0
3.6880075931549072,3.1431000232696533,0.4103461802005768,1.4937686920166016,1.2097753286361694,0.2485350966453552,0.9554390907287598,2.3272974491119385,3.6744251251220703,0.4260230660438537,0.1903216242790222,2.7867205142974854,0.054151389747858,2.990593910217285,2.691872358322144,2.388106346130371,0.3070251047611236,0.8398844003677368,0.949934720993042,3.397380352020264,1.3233627080917358,0.2386215329170227,1.5878368616104126,1.612767219543457,2.9945242404937744,0.9761688709259032,0.1495280563831329,0.4391420483589172,2.275364875793457,2.715641021728516,3.1989996433258057,1.1047524213790894,0.2094953954219818,1.6313276290893557,2.1195669174194336,2.129772424697876,0.8106808662414551,2.247420072555542,3.176239252090454,1.619840383529663,0.6559960842132568,1.3180437088012695,0.8942379507592555,0
3.634000778198242,1.364046931266785,1.234822392463684,0.4110287427902221,2.851401090621948,0.9802300333976746,2.015247344970703,2.682968854904175,0.707931637763977,3.7981116771698,1.4266231060028076,1.3521232604980469,3.3582468032836914,1.3699733018875122,3.869241952896118,1.590470314025879,0.2008496671915054,1.8651078939437864,3.5630416870117188,3.90446662902832,1.5857597589492798,3.318207025527954,0.6966200470924377,3.962336301803589,1.886918067932129,2.1189773082733154,0.7038332223892212,1.4016008377075195,3.3578388690948486,3.882200956344605,3.1447675228118896,3.4188778400421143,2.138989925384521,2.643349885940552,0.0302762351930141,1.4551935195922852,3.3210372924804688,2.734849452972412,1.6778059005737305,1.2765647172927856,2.4310302734375,1.7199914455413818,0.8360197113101381,0
1.6670671701431274,2.8359487056732178,2.5892586708068848,3.490822553634644,0.7394852638244629,3.784681558609009,0.6150388121604919,1.8316570520401,2.475574493408203,0.0154166109859943,3.948665380477905,2.13331937789917,0.1467110216617584,3.966656684875488,1.278090476989746,3.4632906913757324,2.4182047843933105,3.540675163269043,1.0635275840759275,0.9383394718170166,2.131796360015869,0.0367639549076557,2.0950186252593994,1.7325737476348877,3.6718904972076416,0.1751969307661056,2.073103189468384,2.234137296676636,1.314656138420105,0.9237656593322754,1.2854214906692505,0.3755114376544952,1.238866090774536,1.7431902885437012,3.1622438430786133,3.471083164215088,1.2787225246429443,0.2087598592042923,2.5895988941192627,3.096497058868408,0.2265354990959167,2.4719691276550293,0.8780612038621955,0
0.2685050964355469,0.5275745391845703,0.1161966621875763,1.823557734489441,1.410220980644226,2.16023063659668,3.754337310791016,0.0165522024035453,3.970301389694214,1.7298237085342407,2.378096342086792,3.827926874160767,2.927531480789185,0.2877224087715149,0.4571322798728943,0.567590057849884,3.662840604782105,0.09220851957798,0.4080038368701935,2.0741610527038574,0.9625599980354308,1.3820706605911257,1.3260899782180786,2.94312071800232,0.4327064454555511,1.5311781167984009,1.1352252960205078,3.108543872833252,2.380789995193481,1.2386693954467771,2.193792819976806,2.9642066955566406,3.448842763900757,0.128249853849411,2.737619161605835,2.693514823913574,2.694042921066284,3.4251787662506104,0.7704501152038574,0.1411665081977844,3.701538562774658,3.005628824234009,0.880704645479118,0
2.297694683074951,3.047814130783081,3.7167344093322754,2.774582624435425,3.053706407546997,1.1057792901992798,1.3731716871261597,3.4923813343048096,1.2065722942352295,2.458845615386963,0.9966810941696168,0.6717301607131958,1.5753554105758667,2.876593589782715,2.924572706222534,2.4413869380950928,1.94449520111084,2.252027750015259,2.906527042388916,1.0205103158950806,3.258352518081665,2.2258336544036865,3.9745514392852783,0.7368471622467041,2.1319854259490967,3.708369731903076,3.5157270431518555,0.2772014737129211,0.4157320559024811,2.19026780128479,0.3652717173099518,1.991398811340332,0.423185259103775,3.227170467376709,1.572698712348938,0.7405601739883423,0.6439371109008789,1.8973208665847776,3.9935224056243896,2.477959394454956,1.891384840011597,0.7576180100440979,0.8557150152882919,0
2.9063193798065186,0.0241230875253677,2.376302719116211,2.097853899002075,3.7242512702941895,0.128887802362442,3.393371820449829,0.922983467578888,3.0422182083129883,0.9953358769416808,2.5162854194641118,0.451190322637558,2.071300506591797,3.2650156021118164,2.0965850353240967,2.5310394763946533,1.3278965950012207,2.577716827392578,0.7161622643470764,3.0758540630340576,1.1155588626861572,3.958225965499878,1.5479000806808472,0.4805861413478851,2.5534555912017822,1.2995169162750244,1.9553629159927368,2.8095829486846924,3.838623762130737,3.249349594116211,2.608067035675049,3.699405431747437,0.8633921146392822,0.7129622101783752,3.8979332447052,3.5972816944122314,1.5067124366760254,1.2428933382034302,0.2323291003704071,2.525712490081787,1.3609329462051392,2.665568351745605,0.8920690463996068,0
0.8771592378616333,3.551246404647827,1.7912839651107788,1.0530292987823486,1.8665010929107664,3.073951005935669,1.9770519733428955,3.5877811908721924,1.774575114250183,3.1930699348449707,0.1085181534290313,3.0449936389923096,1.423712968826294,1.914433240890503,0.5041446685791016,0.3994310200214386,3.045236349105835,0.7694603204727173,2.215679168701172,0.0189088955521583,2.663520097732544,0.6770185232162476,3.1495018005371094,2.2142014503479004,0.7603044509887695,3.492215871810913,3.320467233657837,1.5722650289535522,1.8658154010772705,0.197163850069046,0.9675952792167664,0.7190883755683899,3.764492034912109,3.6737000942230233,0.7952582240104675,1.5819108486175537,3.5810887813568115,3.715821504592896,3.000285148620605,0.8473805785179138,3.046140432357788,1.4174964427947998,0.8660658756384305,0
1.0584385395050049,1.859647750854492,3.2576770782470703,3.636252641677856,0.037503894418478,2.94937801361084,2.6496431827545166,2.2759311199188232,0.2795469462871551,2.532392740249634,1.538429856300354,2.9778833389282227,3.642640829086304,2.3311567306518555,1.7001028060913086,3.5062055587768555,2.7859506607055664,3.3477790355682373,3.308701992034912,2.898864984512329,0.4923597574234009,1.7733027935028076,0.4274328649044037,1.4850503206253052,3.001579999923706,2.8325676918029785,0.3833446502685547,0.6963819265365601,2.92309832572937,1.887143850326538,3.559468984603882,2.1831345558166504,1.5486570596694946,2.1987743377685547,1.3702740669250488,0.366863876581192,0.3836162686347961,0.9332557320594788,1.32716965675354,3.892495393753052,0.5064992904663086,0.0752425044775009,0.9236488798481122,0
3.0253427028656006,2.3403823375701904,0.918759822845459,0.7128728032112122,2.426304817199707,1.75431489944458,0.222092792391777,1.2366198301315308,2.543276071548462,1.2809101343154907,3.0868239402771,1.5090794563293457,0.8544436097145081,0.9883873462677002,3.1662542819976807,1.3755736351013184,0.567651093006134,1.05502450466156,1.8101776838302608,1.9438495635986328,3.790076732635498,2.616828203201294,2.778971672058105,3.1952834129333496,1.310235619544983,0.9045387506484984,2.76846981048584,3.935442924499512,0.9034149050712584,2.932492733001709,1.887317776679993,1.1483759880065918,2.573338270187378,1.1565239429473877,2.439494609832764,2.320154428482056,2.4658427238464355,2.404411792755127,2.408846378326416,1.726598858833313,2.83594012260437,3.82715916633606,0.8299733141560541,0
3.395130157470703,0.9682249426841736,3.0745794773101807,1.378739356994629,0.7888727188110352,1.4234552383422852,3.0808660984039307,0.7082302570343018,3.294855833053589,2.0111396312713623,3.3362886905670166,1.077305793762207,1.2076592445373535,2.135662078857422,0.2210679650306701,2.927966594696045,3.76919174194336,2.108949661254883,0.9183282852172852,2.348573923110962,1.4897586107254028,0.9694594144821168,0.0124609284102916,0.018238577991724,0.6552936434745789,2.4876835346221924,2.285231828689575,1.817233681678772,1.6244924068450928,1.629294991493225,2.8720197677612305,1.535479187965393,2.377697467803955,0.7576521635055542,3.336595296859741,0.1920627057552337,3.756030559539795,1.6671644449234009,0.6124345660209656,3.2757368087768555,0.4221268594264984,1.886264085769653,0.9215491979329502,0
1.4284406900405884,3.4880220890045166,0.7258809804916382,2.454752922058105,2.676880121231079,2.3690056800842285,1.539668321609497,3.810529947280884,1.531248927116394,1.8026328086853027,1.7889950275421145,2.421140193939209,2.293242216110229,0.544843852519989,2.629420757293701,0.0477923303842544,1.6115167140960691,0.3006930351257324,2.4197888374328613,1.306644082069397,2.785795211791992,3.6257500648498535,2.660983085632324,2.287003517150879,2.9093823432922363,0.3064602613449096,0.9359814524650574,2.547013998031616,3.581186532974243,2.674643516540528,0.6997482776641846,2.508044719696045,1.4922220706939695,3.855565071105957,0.4702741801738739,2.2390811443328857,1.8320149183273315,3.139237880706787,3.654842853546143,1.0973857641220093,2.2332956790924072,2.1343016624450684,0.9349056797491602,0
0.5149860382080078,1.1792091131210327,2.1980879306793213,0.8558434844017029,3.472699880599976,3.7483394145965576,2.837045907974243,2.123616933822632,0.0240021049976348,0.4545704424381256,0.3590511083602905,3.6020190715789795,0.5153429508209229,3.20953369140625,3.57458233833313,3.921565294265747,0.3678708970546722,3.8165500164031982,3.0753002166748047,3.673020124435425,0.1210763677954673,2.783555507659912,1.883296251296997,1.013682842254639,1.164209008216858,1.8958559036254885,3.873851776123047,3.6726226806640634,0.64548659324646,3.491576671600342,3.7956502437591553,0.0819242149591445,3.1943862438201904,2.271775484085083,1.926753044128418,3.9537160396575928,2.132941961288452,0.4767581522464752,1.954834580421448,2.142474889755249,1.6948161125183103,3.358452558517456,0.9320003054612735,0
2.544419765472412,2.6516449451446533,1.595475435256958,3.8106565475463863,1.1161092519760132,0.5527889132499695,0.2846177220344543,1.3968075513839722,2.791522979736328,3.7343430519104,2.765721559524536,0.8831852078437805,3.991535663604736,1.6109063625335691,1.0415271520614624,1.0404144525527954,2.024556398391724,1.5237953662872314,1.5748019218444824,0.7342386841773987,3.666868925094605,1.5645790100097656,3.2816333770751958,3.3059520721435547,3.39461612701416,3.843661308288574,1.4733304977416992,0.9416481852531432,2.6803057193756104,0.4393912851810455,1.6550545692443848,3.124556303024292,0.1853302717208862,1.372562289237976,2.7635393142700195,1.9696323871612549,0.2167609930038452,2.950721979141236,2.809010505676269,0.4765898883342743,3.9002487659454346,0.6064481735229492,0.816323829013397,0
2.185274839401245,1.6748557090759275,0.3100520670413971,3.0654425621032715,1.6618411540985107,1.712539792060852,2.452645778656006,2.968036413192749,0.955297589302063,1.1885578632354736,0.7462673783302307,0.2282692641019821,0.4877858757972717,0.2493322044610977,1.9947589635849,1.989564061164856,2.642366647720337,1.3338446617126465,3.798377513885498,2.6791391372680664,1.957058668136597,0.3597139716148376,1.2388648986816406,3.538930177688598,3.7866673469543457,1.1796987056732178,3.0379669666290283,2.4715826511383057,1.0740643739700315,1.496517777442932,3.3812501430511475,1.3169326782226562,0.6177265644073486,2.827199459075928,0.703945517539978,2.86444091796875,1.070607304573059,2.1600658893585205,1.0398842096328735,0.5266013145446777,3.367697238922119,2.94070053100586,0.8946711006760385,0
0.1558706164360046,2.1560328006744385,3.896902322769165,0.017081718891859,3.804044723510742,2.517482280731201,0.9275594353675842,1.554218888282776,2.218904733657837,2.999603748321533,2.128539085388184,3.2594354152679443,3.0113413333892822,2.5862483978271484,3.4028141498565674,3.112903356552124,0.9847373366355896,3.0094118118286133,1.296915888786316,1.7280280590057373,2.2550199031829834,3.0157690048217773,3.5903422832489014,1.7661904096603394,1.525132417678833,3.1120035648345947,1.6840931177139282,1.1465835571289062,3.101135015487671,2.448116540908813,1.052849292755127,2.352425575256348,3.502224922180176,1.7858957052230835,3.60347318649292,0.8176969885826111,3.028908491134644,0.6311684846878052,2.19284987449646,2.846552848815918,1.0372411012649536,1.1887571811676023,0.8620303409303559,0
1.7875893115997314,0.4648193418979645,1.4335606098175049,2.6686606407165527,2.100085735321045,3.3969380855560303,3.691827297210693,0.3641807734966278,3.725842475891113,3.2763960361480717,3.699075698852539,2.7020320892333984,1.7894772291183472,1.1593401432037354,2.3326528072357178,0.9812101125717164,1.2449824810028076,0.6234681606292725,0.2039037495851516,3.346362590789795,0.5883751511573792,2.4245500564575195,0.8595151305198669,2.558054208755493,2.268246650695801,2.717021942138672,2.6212234497070312,0.0224516093730926,0.1565821915864944,3.639973402023315,2.4571924209594727,0.8000386953353882,1.809827446937561,0.3423646688461303,2.0591042041778564,1.0948219299316406,0.9436051249504088,3.969688892364502,0.3849688768386841,1.891126036643982,2.5153589248657227,0.2888255715370178,0.906287898610282,0
3.754249334335327,3.991408586502075,2.7664968967437744,1.7488245964050293,0.4888412058353424,0.3419954478740692,1.1857839822769165,3.152504205703736,1.4583215713500977,0.5366626977920532,1.1761809587478638,1.7958664894104004,2.7036728858947754,3.5040721893310547,0.7992998361587524,2.1035728454589844,3.401652812957764,2.783287286758423,2.704404830932617,0.3089469671249389,3.136092185974121,1.2058111429214478,2.4611775875091557,0.761947512626648,0.0455299876630306,0.5200539231300354,0.2248678207397461,3.345707416534424,2.136777639389038,0.6815377473831177,0.0979702696204185,3.780597925186157,2.8198602199554443,3.3020951747894287,1.1305166482925415,3.079485416412353,2.8941307067871094,1.4426857233047483,3.3511669635772705,3.727907419204712,0.8292133808135986,3.536924123764038,0.8920690463996068,0
3.9130237102508554,0.2735201716423034,0.5268946290016174,3.612904071807861,3.219968795776367,2.66760778427124,0.6789065003395081,0.4933617711067199,1.711541771888733,3.0659210681915283,1.1133315563201904,0.3740289807319641,0.8857958912849426,3.48142147064209,2.533015489578247,1.7227184772491455,3.525310516357422,3.976673364639282,0.3136475384235382,3.801661968231201,2.9657177925109863,1.934086918830872,2.2835769653320312,1.969669222831726,3.513721704483032,2.9453065395355225,0.2873463034629822,3.45121693611145,3.680603265762329,2.2552080154418945,2.6604199409484863,2.686614751815796,2.321006298065185,0.5691224932670593,1.1029698848724363,2.105581760406494,2.602253198623657,2.5953304767608643,1.609737753868103,2.7090044021606445,3.20010757446289,0.7287644743919373,0.8638262394206097,0
1.8796827793121336,3.8016357421875,3.172461032867432,0.5330947637557983,1.3631031513214111,1.5975475311279297,2.200572967529297,3.0175249576568604,3.479062795639038,0.8721222877502441,3.511472463607788,3.155362844467163,3.6132097244262695,1.8241913318634035,0.0694256201386451,3.346545934677124,1.8676658868789675,1.6761683225631714,2.8131697177886963,0.8536016941070557,1.2634347677230835,2.715805530548096,0.8852375149726868,3.710669040679932,1.7990617752075195,0.7629912495613098,2.933945178985596,0.1825842559337616,1.6451737880706787,1.3006786108016968,0.7697650194168091,1.644041895866394,1.2993162870407104,3.543963432312012,2.203441858291626,0.0902101397514343,0.5599460005760193,0.0665553659200668,2.6542437076568604,0.92177814245224,1.392875909805298,3.4768664836883545,0.9236488798481122,0
1.537825885915152,2.6516449451446533,0.08118562759216444,3.71650986308882,3.093682285892461,0.5527889132499695,2.259459755827534,0.08576937386801067,2.791522979736328,2.8373082641463805,3.974376286086603,0.8831852078437805,3.489288246957138,2.19395835647306,1.0415271520614624,1.1516058286514097,2.024556398391724,1.5237953662872314,1.2037065262866833,0.7342386841773987,3.7494995640057223,1.5645790100097656,3.2816333770751958,3.8213948506552513,2.7897356205862422,3.6636444046574574,0.16508922874794466,0.9416481852531432,3.7581685247543097,0.4393912851810455,3.428563174325417,2.2037519263252388,0.8411708451066745,2.13996327032431,2.7635393142700195,3.528769016265869,0.2167609930038452,2.950721979141236,1.2254055331153735,0.8287856325668452,3.9002487659454346,1.2258203725171786,0.8125181027897163,1
2.544419765472412,1.6881291402602923,1.595475435256958,2.3249121481755473,2.668037348186833,0.5527889132499695,1.7368258785840154,3.1056594224405702,3.762399640592568,3.982851611076872,3.560243378103075,0.8831852078437805,3.991535663604736,1.6109063625335691,2.408535742144253,1.0404144525527954,3.060490369796753,1.5237953662872314,1.5748019218444824,0.817895226510166,3.9567091084666437,1.685275841528622,3.2816333770751958,3.451312603428493,2.167488126338802,3.843661308288574,0.9824736351133398,1.1828164883804702,1.4274685665167324,0.06927675560792979,2.1164564436583078,3.124556303024292,0.1853302717208862,0.45384036070265615,2.7635393142700195,1.9696323871612549,0.2167609930038452,2.950721979141236,2.809010505676269,0.4765898883342743,2.9879631844866816,0.6064481735229492,0.9353199964899718,1
1.537825885915152,2.6516449451446533,1.0600115964917143,3.71650986308882,3.202228102095139,0.28580401575120074,2.529344349645323,0.08576937386801067,2.16863960084355,2.8373082641463805,3.974376286086603,3.172560686982709,1.93099380452948,2.19395835647306,1.0415271520614624,1.4194120951051894,2.024556398391724,1.5237953662872314,1.5924630240957285,0.7342386841773987,3.7494995640057223,1.5645790100097656,1.661618929512267,1.5043965749975488,2.7897356205862422,2.282924204263204,0.16508922874794466,2.806777870102383,1.5931185355898387,0.3845729030955855,3.497617848170018,2.2037519263252388,0.8411708451066745,0.1361488401889801,1.6468592779181348,3.5302813486111795,0.2167609930038452,2.950721979141236,2.967839997163906,0.8668878002740872,2.0670149849435475,1.7935724683268244,0.8525398094766655,2
1.537825885915152,2.6516449451446533,1.0107478271223886,3.71650986308882,2.980140241124584,0.5527889132499695,1.972813607229652,0.21710828150462022,2.791522979736328,2.852075557241516,2.0389576083030247,0.8831852078437805,2.751884771083189,2.19395835647306,1.5413822703573161,1.4461965991817367,0.037302568554878235,1.3327796442275992,1.2037065262866833,0.3967727413144869,3.7494995640057223,1.1300068840613164,1.4936876258063,1.824915590592155,2.7897356205862422,3.6636444046574574,0.19518501577956665,0.9416481852531432,3.7581685247543097,2.215326722003476,3.428563174325417,2.3736127713061297,0.8411708451066745,1.0035182237625122,1.509556209638092,1.3248098965391506,0.2167609930038452,2.950721979141236,0.5422703119749374,1.071257250656036,3.9002487659454346,1.2258203725171786,0.8196393441401078,2
1.537825885915152,2.6516449451446533,1.6589981683022463,3.71650986308882,3.093682285892461,0.08276371741688625,2.259459755827534,0.08576937386801067,2.791522979736328,2.861906714024147,3.974376286086603,0.8831852078437805,1.2336575288650273,3.948141098022461,0.3097741975797682,1.2968006514679002,1.1491976976394653,1.8037363625377787,0.8698450606510699,0.7342386841773987,3.7494995640057223,1.5645790100097656,1.7708699846813933,3.8213948506552513,1.6711730795455615,3.6636444046574574,2.059153732800781,0.9416481852531432,3.7581685247543097,0.4393912851810455,3.428563174325417,2.1348671943160653,0.8411708451066745,2.3181960582733154,2.7635393142700195,2.8932747883069156,1.0807040279712972,0.8599434599360942,1.2254055331153735,0.6936570932218897,3.9002487659454346,2.9499743491390227,0.8597801926368722,3
1.537825885915152,1.0002548995362806,0.08118562759216444,3.71650986308882,3.093682285892461,0.5527889132499695,2.1844459237190685,0.08576937386801067,2.791522979736328,3.400237021526406,3.974376286086603,0.8831852078437805,3.665589963871251,2.19395835647306,1.0415271520614624,1.435456561162003,0.9230133891105652,1.5237953662872314,1.2037065262866833,0.7342386841773987,3.7494995640057223,1.5645790100097656,0.9246013602650186,3.8213948506552513,2.7897356205862422,3.6636444046574574,2.432546264086727,0.9416481852531432,3.7581685247543097,0.4393912851810455,2.3099639011913853,2.2037519263252388,0.8411708451066745,2.7904109954833984,2.7635393142700195,3.528769016265869,2.483372164564833,3.203429866361417,0.9635059668431496,1.0931824789802742,3.9002487659454346,1.2258203725171786,0.8575241399616039,3
3.2123867230267185,2.9959205467368704,0.27112636276082275,3.71650986308882,0.806601473951955,1.4461909280018899,1.8291299998886237,0.06751984677391293,1.0920352918982623,2.8373082641463805,3.974376286086603,0.8831852078437805,2.0869320556996422,2.19395835647306,2.741374609457829,1.1516058286514097,2.024556398391724,2.99388739254565,0.2761786588894693,0.7342386841773987,3.7494995640057223,1.5645790100097656,3.2816333770751958,3.288479730517901,2.636333813795155,2.863621359959052,0.16508922874794466,0.7479486811387197,3.4035378199312687,0.4393912851810455,3.428563174325417,2.2037519263252388,0.8411708451066745,2.13996327032431,1.1553296014986174,2.7304689737045638,0.2167609930038452,2.950721979141236,3.2594651012327556,0.917551227210369,3.9082418657838245,2.1852750236074505,0.8665131082402175,4
1.537825885915152,2.2346085770104667,0.08118562759216444,3.71650986308882,1.3287063927121023,0.5527889132499695,2.259459755827534,0.15069563636794425,2.791522979736328,2.8373082641463805,3.974376286086603,2.6839594658650348,3.489288246957138,2.19395835647306,1.0415271520614624,0.1321134829500045,2.024556398391724,2.6938163233183703,1.2037065262866833,1.9876919537269073,3.4978460068041235,1.5645790100097656,3.2816333770751958,3.8213948506552513,2.7897356205862422,1.4504107339173817,0.16508922874794466,0.9416481852531432,3.406894364373964,1.2118813056820013,3.428563174325417,2.431044603567131,1.8011585228171005,0.5033063888549805,2.7635393142700195,3.528769016265869,0.2167609930038452,2.7246685392581176,1.2254055331153735,0.8287856325668452,3.9002487659454346,1.2258203725171786,0.8647227899882576,4
1.537825885915152,2.6516449451446533,0.4252226167838604,3.71650986308882,3.093682285892461,1.1873314338227867,2.5994820555257574,0.21385244829282127,2.126810857973717,2.8373082641463805,2.107331454366054,2.882948504776752,3.489288246957138,2.19395835647306,1.0415271520614624,1.163167779487022,2.024556398391724,1.396475117661493,2.3502649892047467,1.8818143256596902,3.7494995640057223,1.5645790100097656,1.439030784115058,3.8213948506552513,2.7897356205862422,3.9005801183774227,0.17691654708343502,0.5490260922802611,2.5477876604846097,0.24130948881348588,3.428563174325417,2.2037519263252388,0.8411708451066745,3.4771134853363037,2.7635393142700195,2.375595796845226,0.2898998731625797,2.950721979141236,1.2254055331153735,0.8287856325668452,3.9002487659454346,3.074065450903531,0.8602306931617,5
1.537825885915152,2.6516449451446533,2.0960856586380934,2.910577581179112,2.7473184222298865,0.5527889132499695,2.259459755827534,0.25524276490195913,1.0028790437348383,3.025533724552616,3.974376286086603,0.8831852078437805,1.4462093771662952,1.4741846323013306,2.890334131253101,1.8009059158910852,3.1880834102630615,1.3551951622039535,1.2037065262866833,0.05569977181747539,3.897537330202922,0.20314562856330254,1.5530388706053642,3.8213948506552513,2.7897356205862422,3.8413323689635064,0.16508922874794466,0.9416481852531432,1.8375637303151013,0.4393912851810455,3.428563174325417,2.4773566298450413,0.8411708451066745,2.13996327032431,2.7635393142700195,1.686402022740646,0.2167609930038452,2.950721979141236,0.6281616418398914,1.6180776568375377,3.578248672681775,2.3070187932528845,0.8700826933149612,5
1.537825885915152,3.764006360564609,0.08118562759216444,3.71650986308882,3.093682285892461,0.5527889132499695,1.0688899755477905,0.08576937386801067,3.184298132591435,2.8373082641463805,3.3603694683270042,0.8831852078437805,3.5100797498146106,2.5298945903778076,1.0415271520614624,1.334130908037948,2.095829963684082,0.9096872806549072,1.2037065262866833,1.053790280513139,3.988253776800712,2.621530055999756,3.6345146085321303,3.7426998897034864,2.7897356205862422,3.6636444046574574,0.8788059259352028,1.0374880181014716,2.7709271395865223,0.39381796857553647,0.8081285471140944,2.3705435894044307,0.672636797828695,2.13996327032431,2.7635393142700195,1.8998303818947828,0.2167609930038452,2.950721979141236,1.2254055331153735,0.8287856325668452,3.1994075648463722,1.2258203725171786,0.8332345185231563,6
1.537825885915152,2.6516449451446533,0.08118562759216444,3.71650986308882,3.093682285892461,1.9901612950947754,2.259459755827534,0.08576937386801067,3.1458273993643715,2.4459940377357827,3.974376286086603,0.8831852078437805,3.489288246957138,2.19395835647306,1.0415271520614624,1.3484510040133908,2.4846057891845703,1.5237953662872314,1.2037065262866833,3.055001266196177,3.7494995640057223,0.8684417605400085,2.256152158183977,2.140155344779651,3.986705096276444,3.6636444046574574,0.2824309734995817,0.9416481852531432,3.7581685247543097,0.4393912851810455,1.8371344586530964,2.210755851466091,0.8411708451066745,2.13996327032431,3.014404669785822,3.528769016265869,0.2167609930038452,2.167846330529599,1.2254055331153735,0.5699678734722216,3.9002487659454346,0.8588754944030992,0.8534482165638596,6
1.537825885915152,2.6516449451446533,1.7141206695840605,1.7636625343106611,3.093682285892461,3.23895286255375,1.6923739910125732,0.08576937386801067,3.2606268275897747,2.8373082641463805,3.974376286086603,2.7204772021222956,3.2045777765422434,2.19395835647306,1.0415271520614624,0.9713426371032686,0.5467539429664612,2.82088041305542,1.0208808437577848,0.7342386841773987,3.7494995640057223,0.7462494373321533,3.2816333770751958,3.8213948506552513,2.7897356205862422,3.6636444046574574,0.4715368949568509,1.5923601122144362,3.7581685247543097,0.2951397926876107,3.5970618339587186,2.2037519263252388,1.0474649720433755,3.9109222888946533,2.805104938045233,1.4898928962859066,0.2167609930038452,2.950721979141236,1.2254055331153735,1.0466203983519404,2.4333836280599037,1.2628777833309548,0.9202870893316816,7
1.537825885915152,2.440743923187256,0.08118562759216444,3.71650986308882,3.093682285892461,2.2841091183804765,1.6725051403045654,0.08576937386801067,2.9932631784994195,2.8373082641463805,3.974376286086603,1.641712948340129,3.489288246957138,2.956035852432251,1.0415271520614624,1.0085774636123008,0.3903998136520386,1.5237953662872314,1.2037065262866833,0.3655921439436802,3.3793593148616696,1.4479907751083374,3.2816333770751958,3.8213948506552513,0.5505612592728413,3.6636444046574574,0.9151083218928985,0.2041421519495842,3.5439357518418335,0.4393912851810455,3.428563174325417,2.2037519263252388,1.1156144609964596,2.13996327032431,2.7635393142700195,1.5070374264047621,0.2167609930038452,2.950721979141236,1.2254055331153735,0.8287856325668452,1.491873611425939,1.3551340814456783,0.8543556577734802,7
1.537825885915152,1.0747691186044919,0.08118562759216444,3.71650986308882,3.5838673301301434,0.5527889132499695,0.5960059762001038,0.08576937386801067,2.791522979736328,2.8373082641463805,2.308042895146625,0.681325381456086,2.5969491286601754,2.4950623512268066,1.0412755569842633,1.190468542312746,1.6419811248779297,1.5237953662872314,0.003222007395024787,0.7342386841773987,3.7494995640057223,1.2777368026512081,3.465471525614584,3.8213948506552513,0.914237529196638,3.6636444046574574,0.5000413339690009,1.55533489952573,3.7581685247543097,0.9800177052092587,2.98547568837927,2.2037519263252388,0.7354349716167539,0.058306533843278885,2.7635393142700195,1.7916002409913563,0.2167609930038452,3.9908150261101816,1.2254055331153735,0.8287856325668452,1.9657902650532595,1.2258203725171786,0.8415624441360412,8
0.34667112548829343,1.88801007443796,0.08118562759216444,3.8137659124637895,3.093682285892461,0.5527889132499695,0.007535833865404129,0.08576937386801067,2.791522979736328,3.130434065078395,2.8684881009825975,0.3115574601558103,1.3407457927757895,2.19395835647306,1.0415271520614624,1.1516058286514097,2.024556398391724,3.274963239907545,1.2037065262866833,0.7342386841773987,2.7804372815654586,1.5846137033233172,3.2816333770751958,3.8213948506552513,2.7897356205862422,2.1560253520290082,0.35233010084136124,0.9416481852531432,3.7581685247543097,1.244713624214031,2.3561785362194656,2.2037519263252388,2.817593298455134,1.1530300378799438,3.5533972562235965,3.528769016265869,0.2167609930038452,2.950721979141236,1.2254055331153735,0.8287856325668452,3.9002487659454346,0.48687623202958413,0.8624796661320587,8
1.537825885915152,2.6516449451446533,1.9620019586721957,3.7270878161287087,3.093682285892461,0.5527889132499695,3.502446174621582,0.22692178451278622,0.9209087036121372,2.672172913518533,3.691497017520987,0.8213778695257714,3.489288246957138,2.19395835647306,1.0415271520614624,1.425829829066346,1.6487094163894653,1.5237953662872314,2.7203489679745028,0.7342386841773987,3.7494995640057223,3.969648599624634,3.56008666830762,3.8213948506552513,2.7897356205862422,2.7976793037319987,0.06186340469075019,2.7598881470807797,3.7581685247543097,0.4393912851810455,3.0803450886168116,2.2821050934335423,0.8411708451066745,2.13996327032431,2.7635393142700195,3.528769016265869,2.27065703857957,2.950721979141236,2.52744576151571,2.445238070216261,2.9844321285559445,0.5984606956081534,0.8665131082402175,9
0.004618383944034576,2.6516449451446533,0.08118562759216444,3.8267043591310723,1.400903628864464,1.351225202959609,0.99271559715271,0.1109722153901934,1.750336674125817,2.8373082641463805,1.5491571807405402,0.8272993557329661,3.8920117273664747,2.19395835647306,1.0415271520614624,0.5205357932425227,3.0166141986846924,1.5237953662872314,1.2037065262866833,0.7852236537094106,3.7494995640057223,3.482747793197632,1.7257176559528111,3.8213948506552513,2.7897356205862422,3.6636444046574574,0.1380466336371622,0.9416481852531432,3.7581685247543097,0.4620222408013151,3.428563174325417,2.528216577403337,0.8411708451066745,2.13996327032431,2.7635393142700195,1.076621977368444,2.0480961554021277,1.9172031435946129,3.278075615571925,1.519257722744889,3.9002487659454346,0.5087098951726741,0.8955367719967716,9
3.8167329469153266,1.6961385595146785,0.08118562759216444,3.766521072431638,3.093682285892461,0.5527889132499695,1.0663018226623535,0.08576937386801067,3.2719220991614666,2.8373082641463805,3.974376286086603,0.8831852078437805,2.1119406513108236,2.19395835647306,1.0415271520614624,1.1516058286514097,2.846064329147339,1.2673977162183587,1.2037065262866833,0.7342386841773987,3.7494995640057223,1.0250462503396092,3.2816333770751958,3.5871721564065786,2.7897356205862422,3.6636444046574574,0.16508922874794466,0.9416481852531432,3.454085707732865,0.4393912851810455,2.6585948845931853,0.7437160015106201,0.8411708451066745,2.13996327032431,2.5026946975154947,1.6298610015808752,0.2167609930038452,1.6985208973662138,0.1922149555749668,0.8287856325668452,3.9002487659454346,2.4049663496073452,0.8656184119683451,10
2.8046198242261395,2.6516449451446533,0.08118562759216444,3.7383351645246057,3.094219473573061,1.340561051944915,2.259459755827534,2.305306346890208,2.791522979736328,2.8373082641463805,3.181134601154855,0.8831852078437805,2.3031636510777034,3.9424843788146973,1.0415271520614624,1.1516058286514097,3.5368940830230713,1.5237953662872314,3.1523468628008304,0.21983529849275404,3.7494995640057223,1.5645790100097656,3.2816333770751958,3.8213948506552513,2.7897356205862422,3.6636444046574574,2.2067391003939876,0.9416481852531432,2.379194473326823,1.340275929438276,3.428563174325417,1.4932509660720825,1.640554899316722,0.8114737868309021,2.7635393142700195,2.213818346973657,0.1989922194134941,1.500550506515553,0.06867160128109764,3.206916661336635,3.9002487659454346,1.2258203725171786,0.8281040025166748,10
1.537825885915152,0.3495267443056444,1.7409066356376262,3.725444260372468,3.093682285892461,2.029937740442551,2.259459755827534,0.08576937386801067,2.791522979736328,2.8373082641463805,3.974376286086603,0.8831852078437805,1.4525034309116258,1.1922155618667603,1.0415271520614624,1.1516058286514097,2.024556398391724,1.5237953662872314,1.7422243786251272,1.379051421534835,3.027273397459618,0.9382182942149874,3.2816333770751958,3.8213948506552513,2.7897356205862422,3.6636444046574574,0.16508922874794466,0.9416481852531432,3.7581685247543097,2.729674194039941,3.428563174325417,1.148113489151001,0.8411708451066745,2.3197803497314453,2.7635393142700195,2.0324728787380977,0.2420105298972098,3.2786236985087105,1.5382017295195518,0.8287856325668452,3.320625345862539,1.2258203725171786,0.8058148336102628,11
1.9400012765166423,0.36081595861803295,2.2689695054495416,3.7096266265190265,2.8788187365515365,0.5527889132499695,3.6775264739990234,0.08576937386801067,2.791522979736328,2.8373082641463805,3.974376286086603,0.8831852078437805,3.6480354366727963,2.19395835647306,2.4069865478129726,1.1516058286514097,2.024556398391724,1.5237953662872314,2.0826807302625077,0.7342386841773987,3.7494995640057223,1.5645790100097656,3.2816333770751958,3.8213948506552513,3.200367277430996,3.6636444046574574,0.36228574633119826,0.9416481852531432,3.7581685247543097,0.4393912851810455,3.428563174325417,0.672359049320221,0.8411708451066745,1.805774211883545,3.167776751836541,3.528769016265869,0.20405313068361747,3.6898619113668576,1.2889120571116337,2.7049482783377163,3.6467757483337815,1.2258203725171786,0.9286687476844546,11
1.729379923456933,2.255193764614355,3.061990976333618,3.6584144094663067,3.8883665662570337,2.029937740442551,1.150850534439087,0.08576937386801067,2.120792761115996,2.8373082641463805,3.8336065314988974,0.8831852078437805,1.4525034309116258,1.3371863930188943,1.0415271520614624,1.1516058286514097,3.3302488327026367,2.1728873252868652,1.7422243786251272,1.3444194695856202,3.213888397831832,0.9382182942149874,3.738181579931295,3.8213948506552513,2.7897356205862422,3.6636444046574574,0.4868336152874213,3.0953050471280803,3.7581685247543097,2.729674194039941,3.428563174325417,3.3519457057939572,0.8411708451066745,1.0559427738189697,2.634255789776667,3.6502456665039062,0.5310950024221338,1.4376427934360114,2.549297332763672,3.1093654118817047,3.320625345862539,1.7067725191031176,0.8369460492245663,12
1.6799817020122134,1.80051223207758,1.7409066356376262,3.6642864079132345,3.093682285892461,2.029937740442551,2.259459755827534,0.4143142244994553,0.2637280041254353,2.8540520504510747,2.5210924767950056,0.8831852078437805,1.4525034309116258,2.4334294253018447,1.0415271520614624,1.1516058286514097,2.9938738346099854,1.5237953662872314,1.7422243786251272,1.379051421534835,3.027273397459618,0.9382182942149874,3.2816333770751958,1.814926058567115,3.165860316268287,3.6636444046574574,1.644852440205823,3.466249021352701,3.7581685247543097,2.729674194039941,3.428563174325417,1.8861782149368098,0.8411708451066745,1.5934454202651978,2.5514332839856135,2.0324728787380977,0.5595308315570354,3.2786236985087105,2.021005392074585,0.8287856325668452,2.0049721703572763,1.2258203725171786,0.8248225132334864,12
1.537825885915152,0.3495267443056444,1.0001546144485474,3.725444260372468,3.093682285892461,2.029937740442551,2.259459755827534,0.39974331695300974,2.791522979736328,2.8373082641463805,2.2904717803080037,0.8831852078437805,0.3051592707633972,1.6400549289182007,0.9615199282620096,1.1516058286514097,0.5926467776298523,0.06594988703727722,3.59891414642334,1.379051421534835,1.856007797780377,0.9409835308860934,2.845739119365081,3.8213948506552513,2.4594178864533727,3.6636444046574574,1.1732439336663085,2.663607991418933,3.7581685247543097,2.729674194039941,3.136205707037073,2.3599897824535367,0.8411708451066745,2.3197803497314453,2.6816366726055736,3.488281726837158,0.05137116947569642,3.2786236985087105,1.7120355367660522,0.5615595139744749,3.951087371589842,1.2258203725171786,0.8290391852003502,13
1.537825885915152,0.3495267443056444,1.3864374160766602,3.7214624570038595,2.3981464227765845,1.8579806089401245,2.259459755827534,0.08576937386801067,2.8099112482675497,2.8373082641463805,3.974376286086603,0.3764102458131837,1.4525034309116258,1.1922155618667603,0.8966558058787363,1.1516058286514097,2.024556398391724,1.5237953662872314,1.4024182558059692,3.1051010223109246,3.027273397459618,2.102346786697956,3.2816333770751958,3.8213948506552513,3.2136534730094,3.337477074083614,0.16508922874794466,3.2770308916489355,1.955397439855068,3.285659354806401,1.439156194860074,1.148113489151001,1.6934991365042218,3.649897813796997,2.7635393142700195,2.0324728787380977,0.4193570343843219,3.2786236985087105,1.5382017295195518,0.8287856325668452,3.9218619887090505,1.0664654720564215,0.8378713629944239,13
1.537825885915152,0.3495267443056444,1.7409066356376262,3.725444260372468,3.093682285892461,2.029937740442551,2.259459755827534,0.08576937386801067,1.249665758036079,2.8373082641463805,3.5947800667671426,0.7997228290836857,1.8337897062301636,1.1922155618667603,1.0415271520614624,1.143019578196393,2.024556398391724,1.5237953662872314,3.7172412872314453,1.379051421534835,1.9281111824355481,2.2330971697161597,3.2816333770751958,3.8213948506552513,2.7897356205862422,3.6636444046574574,0.16508922874794466,0.9416481852531432,3.7581685247543097,2.729674194039941,3.428563174325417,1.148113489151001,0.8411708451066745,0.25037625432014465,2.7635393142700195,0.17761865258216858,0.2420105298972098,3.2786236985087105,3.0740928649902344,0.8287856325668452,1.7910789993452065,1.2258203725171786,0.8597801926368722,14
1.8357663047549657,0.3495267443056444,1.7409066356376262,3.725444260372468,3.093682285892461,2.029937740442551,2.259459755827534,0.08576937386801067,1.7235364410903153,2.8373082641463805,2.860868087431565,0.5743891334331677,1.4525034309116258,1.03386515978294,1.0170035889397817,1.2042772439464373,2.141652822494507,1.5237953662872314,0.5695751309394836,1.379051421534835,1.2147255889328061,0.9382182942149874,2.456679171726603,3.8213948506552513,2.8724159864235217,3.6636444046574574,2.356602097933861,0.2833739656274474,3.7581685247543097,2.729674194039941,3.428563174325417,1.148113489151001,0.8411708451066745,0.1002109944820404,2.6266529984792353,3.755693197250366,0.2420105298972098,3.583536054638631,1.5382017295195518,0.8287856325668452,3.437291272947108,1.124877084049154,0.8785023298402173,14
1.537825885915152,0.3495267443056444,1.7409066356376262,3.725444260372468,3.093682285892461,2.029937740442551,0.9206371307373047,2.5853874250782876,1.294564127922058,0.13707543909549713,3.974376286086603,0.5686807324402152,1.4525034309116258,1.5746378898620605,1.113009483650347,1.1516058286514097,0.5418622493743896,1.5237953662872314,1.7422243786251272,0.8826080352569889,3.027273397459618,0.9382182942149874,3.2816333770751958,2.424819538707826,2.488972200621137,3.6636444046574574,0.16508922874794466,1.615862266663905,3.7581685247543097,0.5557706356048584,1.1171277602922545,0.8914316292517142,0.8411708451066745,2.3197803497314453,3.0448471030392117,2.0324728787380977,0.2420105298972098,3.2786236985087105,2.2059311866760254,0.8287856325668452,3.864632808227638,1.2258203725171786,0.8714175179708646,15
1.537825885915152,0.3495267443056444,1.7409066356376262,3.725444260372468,0.8204395853989762,1.6295406818389893,2.259459755827534,0.9806238527246123,2.791522979736328,2.8373082641463805,3.974376286086603,0.8831852078437805,1.4525034309116258,1.1922155618667603,1.0415271520614624,1.2159540074081945,0.2748294770717621,1.5237953662872314,1.7422243786251272,1.379051421534835,2.835022045684959,0.9382182942149874,3.2816333770751958,1.4494956511821766,2.7897356205862422,3.6636444046574574,1.9993858378592912,0.9416481852531432,1.2236538481819512,2.2742693424224854,3.428563174325417,0.8422942938733244,0.8411708451066745,2.3197803497314453,2.9015098799648906,2.7753348350524902,0.2420105298972098,1.1689279297644952,1.7233474254608154,3.381897187801775,3.911509525983411,1.2258203725171786,0.8951040409872116,15
1.537825885915152,1.885462442106399,0.0033676214516162872,3.7735747371458723,3.165032378003536,2.029937740442551,1.7337266206741333,2.7620693584871816,2.791522979736328,2.8373082641463805,3.974376286086603,0.4118538764735697,0.9009792804718018,1.1922155618667603,1.0415271520614624,1.1516058286514097,3.9313220977783203,1.793021559715271,1.7422243786251272,1.379051421534835,3.2489691278165815,1.0451809167861938,2.018289737664127,1.0765512030317717,2.7897356205862422,3.6636444046574574,0.7919935899007777,2.707501173019409,3.7581685247543097,3.4730223022129016,3.428563174325417,1.309399553930145,0.8411708451066745,2.3197803497314453,1.1863727569580078,2.0324728787380977,0.2420105298972098,3.2786236985087105,1.5382017295195518,1.1732802061079468,3.320625345862539,2.020246744155884,0.8392574207872212,16
1.5592656717606013,0.3495267443056444,1.610729694366455,3.725444260372468,3.525768455545657,0.0872369334101677,2.259459755827534,2.9617580726085357,2.791522979736328,2.8373082641463805,3.905187496044858,0.8831852078437805,1.4525034309116258,2.4534921646118164,1.0415271520614624,0.9848306920950204,3.9748666286468506,1.5237953662872314,3.145714521408081,1.379051421534835,3.377000648371249,1.5656107664108276,3.2816333770751958,3.8213948506552513,2.3298902627444376,2.3420327026819505,0.16508922874794466,3.879415273666382,3.7581685247543097,1.9214906635286866,1.031202450868658,1.148113489151001,0.8411708451066745,2.3197803497314453,2.7635393142700195,2.0324728787380977,0.2420105298972098,1.23605764070944,1.5382017295195518,0.8287856325668452,3.320625345862539,1.2258203725171786,0.8191665207121591,16
1.778854540686479,0.3495267443056444,1.7409066356376262,3.69265899326088,3.093682285892461,2.029937740442551,0.4809570014476776,0.08576937386801067,2.791522979736328,3.5032308563162156,3.974376286086603,0.8831852078437805,1.142676830291748,1.1922155618667603,1.0415271520614624,1.087841544682202,2.024556398391724,1.5237953662872314,1.7422243786251272,1.2288586446219858,3.0598966944385437,1.2115074591385817,2.4793678812375313,3.2113515624329496,2.7897356205862422,3.6636444046574574,3.036749611389142,2.6315703219956497,2.60441669246437,2.77135365482663,2.5243891355843466,1.5290160547199951,3.2621834003867383,2.3197803497314453,2.345393180847168,2.0324728787380977,0.2420105298972098,3.7083215364625435,1.5382017295195518,0.4336626686184635,3.320625345862539,1.2258203725171786,0.8575241399616039,17
1.8847783736912571,0.3495267443056444,3.3484060764312744,3.79767926303453,1.3997878049956858,2.2734882831573486,0.3573049306869507,2.5477225775228822,2.791522979736328,3.295888664704794,2.3319160984901615,0.8831852078437805,1.4525034309116258,0.8739075064659119,1.222204548820823,1.0849279939250214,0.7664863467216492,1.5237953662872314,2.974393844604492,1.9863483327107845,3.027273397459618,0.9382182942149874,3.2816333770751958,3.0748258043192624,2.7897356205862422,3.6636444046574574,2.623775873857838,2.2764867642738795,2.808044709419528,2.7227978268187774,3.428563174325417,1.4604974421666848,0.8411708451066745,2.3197803497314453,1.112296462059021,2.291149377822876,0.2420105298972098,3.2786236985087105,1.5382017295195518,0.5069834376467182,3.320625345862539,1.2258203725171786,0.8946711006760385,17
0.7152113914489746,3.156737932854953,1.7409066356376262,3.725444260372468,3.093682285892461,2.029937740442551,2.278122273763425,1.953731848755979,3.785400867462158,2.8373082641463805,3.974376286086603,0.8127009539564617,1.4525034309116258,1.9356377124786377,1.0415271520614624,1.1703189333972155,3.3470206260681152,2.860595941543579,1.694593071937561,2.0588556487666763,2.9792467679705763,0.9382182942149874,3.3757870647435406,3.498567600665467,2.2749387529459018,1.5762144755588485,0.16508922874794466,0.9416481852531432,1.4542823339567903,2.016567313838469,2.3621997893167306,1.148113489151001,0.8411708451066745,3.4106788635253906,2.7635393142700195,2.0324728787380977,0.2420105298972098,3.2786236985087105,1.5382017295195518,0.8287856325668452,3.320625345862539,2.3143112659454346,0.8493527336125887,18
0.1725320667028427,0.3495267443056444,1.7409066356376262,3.7556807647133486,3.093682285892461,2.029937740442551,2.2543902470301136,0.08576937386801067,1.9835387468338013,2.8373082641463805,3.974376286086603,0.3750002316332841,1.4525034309116258,0.5953207015991211,1.0415271520614624,1.1650518095335596,2.024556398391724,3.209599494934082,1.5611578226089478,1.379051421534835,2.9929634153115234,1.0617313647923292,0.8514095753916526,3.9523709671522536,2.534458510519161,3.6636444046574574,1.1676139574221256,0.12981635248965226,3.536726835938796,2.4332101673056914,3.428563174325417,1.406169135932735,0.8411708451066745,0.3692976236343384,2.7635393142700195,2.0324728787380977,0.48160498417726283,3.2786236985087105,2.090487003326416,0.8287856325668452,3.9431605793126905,1.2258203725171786,0.8933710208891875,18
1.308814619898053,0.2281353520817317,0.2632060945034027,3.725444260372468,3.093682285892461,1.5974931783231008,2.446796640240179,0.08576937386801067,2.791522979736328,2.8373082641463805,3.952619655700079,0.8831852078437805,0.6449912786483765,1.1922155618667603,1.0944836139525247,1.1516058286514097,2.024556398391724,1.5237953662872314,0.5633684396743774,0.569953441619873,3.4461120017774984,0.511129322808616,3.5041965099484362,3.8213948506552513,3.37196469369525,2.2716459302809477,0.16508922874794466,2.360234214054269,3.7581685247543097,2.729674194039941,3.428563174325417,1.148113489151001,1.4309634878833384,2.714669646057053,2.7635393142700195,3.881502628326416,0.2420105298972098,3.9143419697021544,1.5382017295195518,0.8287856325668452,3.505501503286778,1.2258203725171786,0.8925032489302578,19
1.7843599829360017,0.3495267443056444,0.7348178625106812,3.767401258792571,3.2010669329504102,1.8821403297115287,2.259459755827534,2.70568366099351,2.791522979736328,2.8373082641463805,3.974376286086603,0.08186907338266584,1.4525034309116258,1.1922155618667603,1.1676064012813432,1.1516058286514097,3.2841222286224365,1.5237953662872314,1.7422243786251272,1.379051421534835,3.027273397459618,0.9382182942149874,3.569385792954419,3.8213948506552513,2.7897356205862422,3.6636444046574574,0.16508922874794466,1.3899684568834823,3.7581685247543097,2.729674194039941,1.343777746457668,1.2572905744197937,0.8411708451066745,2.236170461588755,2.917616844177246,3.923062801361084,2.0503160703412346,3.2786236985087105,1.5382017295195518,0.8287856325668452,1.2723596758527074,1.2258203725171786,0.8912000066936604,19
1.537825885915152,0.3495267443056444,1.7409066356376262,3.8079291497240537,2.867318448226981,1.7122766971588135,2.259459755827534,0.08576937386801067,2.791522979736328,2.8373082641463805,3.974376286086603,3.098384305588269,0.6348043084144592,0.26473201571018407,1.0415271520614624,1.2785267194191001,2.024556398391724,1.5237953662872314,1.7422243786251272,0.6974247405065619,2.303818098707633,0.9382182942149874,3.2816333770751958,3.7453092437473923,2.4863696339410066,3.6636444046574574,0.9488402997176221,0.40522755274951916,3.7581685247543097,2.729674194039941,3.428563174325417,1.148113489151001,0.8411708451066745,0.47306689620018005,2.7635393142700195,2.0324728787380977,0.2420105298972098,3.683963821401403,0.056078266352415085,0.8287856325668452,3.320625345862539,1.2258203725171786,0.8295063811716112,20
1.7574337474761765,0.3495267443056444,1.7409066356376262,3.824353247411895,2.590760330862304,1.734074592590332,2.259459755827534,0.08576937386801067,0.23397008962580332,2.8373082641463805,3.974376286086603,2.369451605336971,1.4525034309116258,1.170492089077246,1.0415271520614624,1.260168422014182,0.4739511013031006,1.5237953662872314,3.5576815605163574,0.4920271457841619,0.4764587104577028,2.236961695316591,2.836674354664048,1.190966360367772,2.345388613738556,3.6636444046574574,0.21973715175440844,0.3525884188937917,3.4504937260652038,0.16658684611320496,1.4588523197107817,1.148113489151001,0.8411708451066745,2.3197803497314453,1.046726012916568,2.0324728787380977,0.2420105298972098,3.2786236985087105,1.2767573595046997,2.2454194412348474,2.6917426976067174,1.2258203725171786,0.8561676548413886,20
1.2133691436266614,0.18643164018578057,3.8997349739074707,3.725444260372468,2.799716066624631,2.029937740442551,2.3877013284971498,0.08576937386801067,3.3323737215192017,0.9557058811187744,2.359826305365682,0.8831852078437805,3.1511130332946777,2.520113706588745,0.8900200253284516,1.025407028629925,3.5189766883850098,1.5508195161819458,1.7422243786251272,0.7272081126973253,3.027273397459618,1.3929216878713933,3.5384559008163885,1.1383243547493818,3.311831481693188,1.6094571423763653,0.16508922874794466,1.8865580721792454,3.7581685247543097,2.729674194039941,3.0733856967011417,1.1063390935785258,0.8411708451066745,2.422853708267212,1.3709713220596313,2.0324728787380977,0.8701608836169634,3.2786236985087105,1.997739553451538,0.8287856325668452,2.9874571642279837,1.2258203725171786,0.8656184119683451,21
1.537825885915152,1.744903830842932,2.6614904403686523,3.725444260372468,3.093682285892461,3.5724635124206543,2.259459755827534,0.08576937386801067,2.191649496578345,0.7575182318687439,2.347507821248205,0.01972872673983557,1.4525034309116258,0.8770984411239624,1.0415271520614624,1.0475331136323778,2.0412371158599854,1.5237953662872314,1.7422243786251272,1.683855863818167,3.027273397459618,0.9382182942149874,3.2816333770751958,1.491207014124441,2.7010633902815586,3.2979946177549953,2.6173217587569804,0.3594967352734757,3.7581685247543097,1.1621317863464355,2.9346794331342525,1.148113489151001,0.8411708451066745,0.3264390826225281,1.3189113140106201,1.9028624887551295,0.2420105298972098,3.2786236985087105,1.5382017295195518,0.8287856325668452,2.982522306394451,1.2258203725171786,0.9020028254389361,21
1.537825885915152,2.729441758779165,1.7409066356376262,3.645932929950951,3.184234069747765,2.029937740442551,3.9230263233184814,0.9060124180977664,0.14057859778404236,3.0262287538259223,3.974376286086603,0.8831852078437805,0.1813727617263794,1.1922155618667603,1.1123795603365703,1.225079689574123,3.6827197074890137,1.7769534587860107,0.7293835878372192,1.379051421534835,3.027273397459618,0.9382182942149874,3.2816333770751958,3.8213948506552513,2.855055874951289,1.2467699108536907,0.16508922874794466,1.0294651985168457,2.0334945125092228,2.067438840866089,3.761533009129513,1.148113489151001,1.442651175414797,3.6840169429779053,2.7635393142700195,1.992205135447773,0.2420105298972098,1.2025978806126778,1.5382017295195518,1.8720538588938895,3.320625345862539,0.8014025568726983,0.9037192928818499,22
1.3945629835632645,2.4089563836182846,0.2745097279548645,3.725444260372468,3.1513633460064807,1.6034735441207886,2.259459755827534,2.263594186881734,0.6564695835113525,2.8373082641463805,3.928603693740711,0.8831852078437805,1.0976781845092773,1.1922155618667603,1.195591812228077,1.1516058286514097,2.024556398391724,0.8277547955513,1.7422243786251272,0.798930823802948,3.027273397459618,0.8191354290019737,3.2816333770751958,1.5737860493364337,2.7897356205862422,0.7476488628193668,0.16508922874794466,0.9416481852531432,3.7581685247543097,2.729674194039941,0.759851197164198,1.5097637773062424,2.125481934215164,2.3197803497314453,2.4033693624431605,2.0324728787380977,0.2420105298972098,3.2454185557820416,1.5382017295195518,0.8287856325668452,3.462270478589024,1.2258203725171786,0.8327694140947748,22
1.537825885915152,0.3495267443056444,0.020638782531023026,3.725444260372468,3.093682285892461,2.029937740442551,2.259459755827534,0.08576937386801067,2.791522979736328,2.8373082641463805,3.974376286086603,0.6001347084016725,1.4525034309116258,1.1922155618667603,1.0415271520614624,1.1516058286514097,0.29402148723602295,1.5237953662872314,1.7422243786251272,2.939234972000122,3.027273397459618,2.0475311279296875,3.5265179671099327,3.8213948506552513,2.2655366131550845,2.4008229870306987,0.16508922874794466,2.9230751991271973,3.6450998700302257,2.729674194039941,3.428563174325417,1.148113489151001,0.8411708451066745,2.3197803497314453,1.6182732582092285,2.0324728787380977,0.2420105298972098,1.6816951020818531,3.2273714542388916,1.8296583843636793,3.320625345862539,3.591383457183838,0.84386117129184,23
1.537825885915152,0.3495267443056444,1.7409066356376262,3.725444260372468,3.093682285892461,1.6981237500278412,2.259459755827534,0.4682952962761239,2.791522979736328,2.8373082641463805,3.974376286086603,0.8831852078437805,0.03496792912483215,1.7819275856018066,1.0415271520614624,1.1516058286514097,2.024556398391724,0.7946701645851135,1.7422243786251272,1.379051421534835,3.027273397459618,0.9382182942149874,3.4201025949852717,2.4153495541210876,3.376442184410956,3.6636444046574574,0.16508922874794466,3.2891294956207275,3.3226844073686133,2.729674194039941,3.428563174325417,1.3647607254671146,0.8411708451066745,2.3197803497314453,2.7635393142700195,1.785921324356054,0.2420105298972098,3.2786236985087105,1.5382017295195518,0.8287856325668452,3.320625345862539,2.605555295944214,0.8299733141560541,23
1.4743619094303697,0.3495267443056444,1.7409066356376262,3.7843854693193513,3.093682285892461,1.5695365326389323,2.010952034085575,0.08576937386801067,2.190108060836792,2.8373082641463805,1.2807941179484936,0.8831852078437805,1.4525034309116258,2.4663219451904297,1.0415271520614624,1.1516058286514097,2.024556398391724,1.5237953662872314,1.9447060823440552,1.379051421534835,3.027273397459618,1.2650964260101318,3.2816333770751958,3.8213948506552513,2.7897356205862422,3.6636444046574574,0.16508922874794466,3.7521698474884033,3.6043130099383722,2.3076350688934326,3.428563174325417,1.148113489151001,0.8411708451066745,3.6741604804992676,1.0618709325790405,1.8673732661441216,0.2420105298972098,3.2786236985087105,1.5382017295195518,3.8471702226137383,0.9271829324896761,1.5705381358908328,0.8285717257974103,24
1.537825885915152,0.8801115322863449,1.7409066356376262,3.7050465988945187,3.093682285892461,2.029937740442551,2.259459755827534,1.0394655169941436,2.791522979736328,2.8373082641463805,3.2464232078104525,1.2752760777525682,1.4525034309116258,3.0564582347869873,0.863240492560975,1.1516058286514097,2.4013595581054688,3.502220630645752,1.7422243786251272,1.2047805786132812,3.027273397459618,2.1914854049682617,3.2816333770751958,3.86335475898808,2.7897356205862422,3.6636444046574574,0.16508922874794466,1.5886715650558472,3.7581685247543097,2.729674194039941,3.428563174325417,1.3294896035838462,0.8411708451066745,0.5259660482406616,2.7635393142700195,1.7476351929593261,0.642213925011057,3.2786236985087105,1.5382017295195518,3.3828862776354462,3.320625345862539,1.2258203725171786,0.8304399845972892,24
1.8090556637579929,0.8687478837230695,1.7409066356376262,3.725444260372468,3.093682285892461,1.9876547893955496,2.259459755827534,0.8560564353909895,2.791522979736328,2.8373082641463805,3.974376286086603,0.8831852078437805,0.21075677871704102,0.23021286725997925,0.6876127395294082,1.2668025570422792,3.2952046394348145,1.0338697720570278,3.328479766845703,1.379051421534835,2.815293312072754,0.9382182942149874,3.2816333770751958,1.7830567529532335,2.9478023852794895,3.6636444046574574,0.38037726806531785,0.9416481852531432,3.7581685247543097,2.729674194039941,3.698062585147356,1.426354116546774,0.8411708451066745,2.3197803497314453,2.7635393142700195,2.0324728787380977,0.2420105298972098,3.2786236985087105,3.436493396759033,0.8287856325668452,3.320625345862539,1.2258203725171786,0.8313725396183526,25
1.537825885915152,2.4301533673064877,1.1124491691589355,3.6525645287067756,3.2928875238364737,2.029937740442551,2.259459755827534,2.6908322188730343,2.791522979736328,2.8373082641463805,2.1417072742671017,0.8831852078437805,1.6336921453475952,0.0627674013376236,0.860984933940376,1.2572356939953007,2.024556398391724,0.9507646426550805,1.7422243786251272,1.379051421534835,1.2148786783218384,1.3286902904510498,2.714046834195392,3.8213948506552513,2.7897356205862422,2.628210363713336,0.44217238642994794,0.5756840109825134,3.7581685247543097,2.729674194039941,3.428563174325417,1.4064785132025668,0.8411708451066745,2.3197803497314453,3.773444890975952,2.0324728787380977,0.2420105298972098,3.2786236985087105,1.0562450885772705,3.9211780163962895,3.320625345862539,1.2163624859819382,0.8543556577734802,25
1.7946003230615353,0.3495267443056444,2.177645683288574,3.725444260372468,3.093682285892461,2.0898005137606432,2.259459755827534,0.08576937386801067,2.791522979736328,3.191180030736469,3.974376286086603,0.8831852078437805,1.4525034309116258,3.107905149459839,1.0415271520614624,1.1050776387707288,3.831775426864624,1.5237953662872314,1.7422243786251272,1.379051421534835,3.027273397459618,0.9382182942149874,3.0065354413411858,3.3798981253324394,1.9944086074829102,3.8444577186941715,0.16508922874794466,0.9416481852531432,3.410541222280263,3.835555076599121,3.428563174325417,1.148113489151001,0.5172075623891806,1.6407358646392822,2.7635393142700195,2.0324728787380977,0.2420105298972098,3.2786236985087105,1.792711853981018,0.027862006573744172,3.320625345862539,1.2258203725171786,0.805333893648823,26
1.44558358691659,0.3495267443056444,3.8176043033599854,3.815117472435081,3.093682285892461,2.663645384396615,2.259459755827534,2.611178449047609,2.791522979736328,2.8373082641463805,1.8132844901526979,0.8831852078437805,2.7686266899108887,1.1922155618667603,1.2055698479848649,1.1516058286514097,3.5179364681243896,1.5237953662872314,1.7422243786251272,1.2392657995224,1.7505558757241868,0.4200131229623944,3.2816333770751958,3.8213948506552513,2.7897356205862422,2.248288789553189,0.16508922874794466,0.8173417638887295,3.324663341917175,3.409510850906372,3.428563174325417,1.1521181364682118,0.13474690071724718,3.1354641914367676,3.444525718688965,1.8832536339540424,0.2420105298972098,3.2786236985087105,1.0853737592697144,0.8287856325668452,3.320625345862539,2.029669763689765,0.8885877880604763,26
1.7946003230615353,0.3495267443056444,2.177645683288574,3.725444260372468,3.383811677038441,2.0665094904948105,1.9593560283088316,0.08576937386801067,2.791522979736328,3.191180030736469,3.974376286086603,0.8831852078437805,1.4525034309116258,3.107905149459839,1.227067206667912,1.1050776387707288,3.831775426864624,1.5237953662872314,2.946462631225586,1.379051421534835,3.4349309467791054,0.9382182942149874,3.0065354413411858,2.3974400334942736,2.2518274784088135,2.179911343024601,2.0899302204349173,3.311687707901001,0.2905856068642893,2.0602567029320307,3.428563174325417,1.148113489151001,0.5172075623891806,1.3914965391159058,2.7635393142700195,1.9058287423682483,3.2012901687817914,3.2786236985087105,1.792711853981018,0.027862006573744172,3.320625345862539,0.7898836490993887,0.7971135186061169,27
1.7946003230615353,0.3495267443056444,1.5721438507886636,3.725444260372468,3.5401882986825806,1.9279968575505426,2.430713629398789,0.08576937386801067,3.8305952548980713,3.191180030736469,3.974376286086603,0.8831852078437805,1.4286221265792847,1.9431383609771729,1.0415271520614624,1.1935156803015783,1.1989769467699403,2.0407586097717285,3.8139708042144775,0.7350295782089233,2.963265695960499,0.9382182942149874,3.32226063267742,3.7045331844632203,1.9944086074829102,3.8444577186941715,2.373079869461733,3.2974367141723633,3.410541222280263,3.835555076599121,3.5296079942128746,1.148113489151001,0.5172075623891806,2.5827066898345947,2.7635393142700195,2.0324728787380977,0.2420105298972098,1.4879467928292565,1.792711853981018,0.027862006573744172,3.320625345862539,0.8821498608702631,0.8392574207872212,27
1.7946003230615353,0.3495267443056444,3.2944486141204834,3.7972465955437182,3.383811677038441,2.0665094904948105,2.0162231953426546,0.08576937386801067,2.5044007301330566,3.2292389471058978,3.974376286086603,0.8831852078437805,1.4525034309116258,3.7149252891540527,1.227067206667912,1.1050776387707288,3.831775426864624,0.5074165463447571,2.946462631225586,1.379051421534835,3.4349309467791054,0.9382182942149874,3.0065354413411858,2.3974400334942736,2.2518274784088135,0.08533360064029694,2.0899302204349173,3.311687707901001,2.692175480776129,0.3214803636074066,1.3389887424598823,1.2955450552749834,0.6687669503674138,1.3914965391159058,1.395378589630127,2.205475751834775,3.2012901687817914,3.6919851303100586,3.6162726879119873,0.027862006573744172,3.320625345862539,1.2140666140112841,0.8859678675040307,28
1.7946003230615353,0.3495267443056444,2.4068732261657715,3.725444260372468,3.70310279832036,1.5816310243138778,1.9593560283088316,0.3086323920244581,2.791522979736328,3.191180030736469,3.974376286086603,1.4522175788879395,1.4525034309116258,0.7867924571037292,0.9462291644541406,1.1050776387707288,3.831775426864624,1.1131534576416016,2.6550379555136994,1.379051421534835,2.8538224815667252,0.9382182942149874,3.0289911001837164,1.1337779760360718,1.6675991540830004,0.4972357153892517,1.4722166061401367,1.6807671785354614,1.4008811821498799,2.0602567029320307,3.5074454705077547,1.415260916825781,2.5803507721513568,1.4795613288879395,0.6739514470100403,2.222852663581514,2.9227569103240967,2.225886583328247,1.792711853981018,0.7340909424961017,1.015794038772583,0.7898836490993887,0.817272491540378,28
1.7946003230615353,2.500808144695274,2.177645683288574,3.725444260372468,3.383811677038441,2.009020112147713,2.116954494478575,2.580959796260942,2.791522979736328,3.572362626023394,3.974376286086603,0.8831852078437805,2.6781070232391357,3.107905149459839,1.227067206667912,1.064681948862102,0.5945096781855812,1.5237953662872314,1.2563090324401855,1.379051421534835,3.4349309467791054,1.549458384513855,3.0065354413411858,3.177759885787964,2.079383134841919,2.179911343024601,2.0899302204349173,0.4148751497268677,0.2506838952269442,2.742470820132792,1.4059475095659382,1.148113489151001,0.5172075623891806,1.3914965391159058,2.7635393142700195,1.9058287423682483,0.6213976740837097,3.2786236985087105,1.792711853981018,0.027862006573744172,3.320625345862539,0.7898836490993887,0.8597801926368722,29
1.9263440289152542,0.3495267443056444,2.44721526482469,3.725444260372468,3.383811677038441,2.0665094904948105,1.6561276232768507,3.3597671746380313,1.5344730615615845,3.791329056250941,1.564631226628185,3.3182802200317383,1.4525034309116258,3.107905149459839,1.227067206667912,0.9487111829304511,3.5218718936950477,1.5237953662872314,0.24279537796974182,0.9938974380493164,3.4349309467791054,1.2548952102661133,3.3614866070235534,0.007694710046052933,2.691091775894165,2.179911343024601,2.2922661304473877,0.556860089302063,0.2905856068642893,2.771307737573623,3.428563174325417,1.2083884483840182,0.5172075623891806,0.8277400135993958,2.7635393142700195,1.7288678000020496,1.6382911205291748,2.0018270015716553,1.8040012121200562,0.8401074462980056,0.3067780137062073,0.7898836490993887,0.8158490840886763,29
1.3776423160276907,0.3495267443056444,2.177645683288574,3.725444260372468,2.9778948447874485,2.0665094904948105,1.8084276161630948,0.10281703529588558,1.7770823240280151,3.191180030736469,3.974376286086603,3.3710789680480957,1.4525034309116258,0.6863718032836914,1.227067206667912,1.1050776387707288,3.831775426864624,2.41727590669646,2.946462631225586,2.9755871295928955,3.4349309467791054,0.9382182942149874,3.0065354413411858,1.758384346961975,2.2518274784088135,2.179911343024601,0.08132889866828918,3.311687707901001,0.2905856068642893,2.0602567029320307,3.924856260875079,1.4099182295734312,3.885529141404242,0.35382911562919617,2.7635393142700195,1.5377665020309754,3.2012901687817914,1.242598056793213,1.792711853981018,2.0382855410091762,1.999548316001892,1.4599787412964693,0.8266992449275926,30
1.7946003230615353,0.3495267443056444,0.9196275472640991,3.725444260372468,3.383811677038441,2.0665094904948105,1.6980827427904186,2.526231133285884,2.791522979736328,3.191180030736469,3.882423209185729,0.6389316320419312,1.9439086000414418,3.107905149459839,1.227067206667912,1.1050776387707288,3.210736051252333,2.223435672419241,3.768453598022461,0.9106153249740601,1.5033998489379883,0.9382182942149874,3.0065354413411858,0.6343400478363037,2.2518274784088135,2.179911343024601,0.8682817220687866,3.311687707901001,0.2905856068642893,2.0602567029320307,3.9331504958886816,1.3923989883404455,1.8196103960602548,1.3914965391159058,2.849060535430908,1.9662987615088967,3.2012901687817914,3.2786236985087105,0.24249782729141106,0.32675388224612656,2.6520748138427734,0.013128108748779307,0.8972656090731689,30
2.4095108389445317,0.3495267443056444,2.177645683288574,3.643042717881638,3.383811677038441,2.0665094904948105,2.266705930980856,0.08576937386801067,2.791522979736328,3.191180030736469,3.974376286086603,0.8831852078437805,1.4525034309116258,0.5380660891532898,0.8381376254962215,1.1050776387707288,3.8953398303348323,1.4133553074640077,0.3730745315551758,1.379051421534835,3.276193562117419,0.9382182942149874,3.0065354413411858,2.3974400334942736,3.355881690979004,0.908546507358551,2.0899302204349173,3.311687707901001,2.7921577243042517,2.0602567029320307,3.428563174325417,1.148113489151001,0.5172075623891806,2.5214710235595703,2.7635393142700195,1.9058287423682483,0.6814400553703308,3.2786236985087105,1.792711853981018,0.027862006573744172,2.016279697418213,0.7898836490993887,0.8456956542640403,31
1.7946003230615353,0.3495267443056444,0.7195411920547485,3.632543443078507,3.383811677038441,2.0665094904948105,1.9593560283088316,3.181459663871082,3.5247726440429688,3.191180030736469,2.1826759462195344,0.5719166994094849,1.1437277728442772,3.107905149459839,1.227067206667912,1.1050776387707288,3.7841821938522644,1.5237953662872314,0.3557508587837219,1.4878852367401123,3.4349309467791054,0.9382182942149874,3.0065354413411858,3.5786523818969727,2.2518274784088135,2.6896591186523438,3.5583131313323975,3.311687707901001,1.5939606369975345,2.5541398379897573,3.489193286490063,1.148113489151001,0.5172075623891806,1.3914965391159058,2.7635393142700195,1.9058287423682483,0.9588064551353455,1.3554147481918335,1.792711853981018,0.027862006573744172,3.320625345862539,2.2659337520599365,0.8488964602873634,31
1.7946003230615353,0.3495267443056444,2.177645683288574,3.7267628901648777,3.352580064744373,2.0665094904948105,1.759933536059657,0.5243977098253265,2.791522979736328,3.025614062042136,3.974376286086603,0.8831852078437805,1.4525034309116258,3.107905149459839,1.227067206667912,1.1050776387707288,3.831775426864624,1.5237953662872314,0.0946086123585701,1.5246928930282593,3.4349309467791054,1.612107276916504,3.0065354413411858,3.8753156661987305,3.045630693435669,2.179911343024601,2.0899302204349173,3.311687707901001,0.2905856068642893,2.0602567029320307,3.480808552542139,3.087101697921753,0.5172075623891806,1.3914965391159058,1.679389238357544,1.9058287423682483,3.2012901687817914,3.2699708938598633,0.8598882276074841,0.027862006573744172,0.6313774585723877,1.4367766603668237,0.8072559343148992,32
1.7946003230615353,0.3495267443056444,0.8883029222488403,3.717503668932024,3.383811677038441,1.6318782898276791,1.9593560283088316,2.9989799864579747,2.791522979736328,3.191180030736469,3.974376286086603,0.8831852078437805,1.4525034309116258,2.177704095840454,1.1969340090531722,1.4279603958129883,3.831775426864624,1.1698624350710134,1.994329571723938,1.6898549795150757,3.37212271504808,0.9382182942149874,3.4847146370272517,1.556457757949829,2.2518274784088135,2.190095901489258,2.0899302204349173,3.311687707901001,0.2905856068642893,2.0602567029320307,3.428563174325417,2.449610471725464,0.5172075623891806,1.3914965391159058,0.7590516805648804,1.9058287423682483,3.2012901687817914,3.2786236985087105,1.7666372620951072,0.027862006573744172,3.320625345862539,0.3764147233795204,0.8224705765576033,32
2.0277381485910126,0.3495267443056444,3.7614121437072754,3.736495688872587,3.775276448319628,1.7565057204252523,1.9593560283088316,0.08576937386801067,2.5839688777923584,3.2508290445010632,2.670739726350205,0.8831852078437805,1.0029822024496386,0.8827685713768005,1.227067206667912,1.1050776387707288,3.831775426864624,2.1483338525984745,2.946462631225586,1.379051421534835,3.260861371174664,0.9382182942149874,3.0065354413411858,3.4495110511779785,2.2518274784088135,2.179911343024601,2.0899302204349173,1.7256518602371216,0.2905856068642893,2.1114122429924977,3.428563174325417,1.148113489151001,3.0216639041900635,1.3914965391159058,2.7635393142700195,1.9058287423682483,2.8258445262908936,3.2786236985087105,0.8417661190032959,0.027862006573744172,3.320625345862539,0.7898836490993887,0.8925032489302578,33
1.7946003230615353,3.494995262218312,3.9870221614837646,3.7144094371113208,3.383811677038441,2.0665094904948105,1.6564046302840831,0.08576937386801067,2.791522979736328,3.191180030736469,0.5442801197272096,3.97420334815979,1.4525034309116258,0.3180098831653595,1.3986284326012663,1.1050776387707288,3.690706277478255,2.1098049768406892,2.946462631225586,3.5719821453094482,3.330420296729927,0.9382182942149874,3.0065354413411858,2.3974400334942736,2.2518274784088135,2.179911343024601,2.0899302204349173,3.311687707901001,2.0050010891397214,2.0602567029320307,3.13883141052393,1.148113489151001,0.5172075623891806,0.6057462096214294,3.9502753579784757,1.9058287423682483,3.2012901687817914,3.05464243888855,0.8983772397041321,0.027862006573744172,3.320625345862539,2.065589189529419,0.8557150152882919,33
2.1171218338270044,0.9884757554670275,2.177645683288574,3.695399841358015,3.084916495763072,1.9485285558141703,1.9593560283088316,0.08576937386801067,3.7258310317993164,3.191180030736469,3.974376286086603,1.4556696788594725,1.6308578924131836,2.9715211391448975,1.454012867267708,1.1050776387707288,2.1737626920422057,1.537151417800478,2.946462631225586,1.379051421534835,3.1905023307821576,2.954831123352051,3.280761514462135,2.3974400334942736,0.16635939478874207,2.814701557159424,0.8539316173940146,3.311687707901001,0.2905856068642893,1.1945141553878784,3.428563174325417,0.7991870641708374,0.5172075623891806,1.5074853897094727,2.7635393142700195,2.386817505781023,1.7192342281341553,3.2786236985087105,3.002014636993408,2.8563201770989255,0.7854902148246765,0.7898836490993887,0.9122531866001375,34
2.099530160093408,1.5439864232061609,2.177645683288574,3.725444260372468,3.383811677038441,2.587874671690704,1.9593560283088316,0.08576937386801067,2.791522979736328,3.049094129705911,3.974376286086603,0.8831852078437805,1.4525034309116258,3.107905149459839,1.227067206667912,1.1050776387707288,3.831775426864624,1.3148610887130454,0.944924533367157,1.379051421534835,3.4349309467791054,3.223604917526245,3.0065354413411858,2.3974400334942736,2.2518274784088135,3.9484033584594727,0.8217824842606328,3.311687707901001,0.2905856068642893,2.0602567029320307,3.9144210815429688,1.5093281269073486,0.5172075623891806,1.9539200067520142,2.7635393142700195,1.7913347590840587,3.2012901687817914,0.801925539970398,1.792711853981018,1.185230715549507,0.02756739780306816,2.065499782562256,0.8976972981090042,34
1.7946003230615353,0.3495267443056444,2.177645683288574,3.725444260372468,3.383811677038441,2.0665094904948105,1.9593560283088316,0.08576937386801067,2.791522979736328,3.191180030736469,2.177888730692505,0.8831852078437805,1.4525034309116258,3.107905149459839,3.8883132934570312,1.1050776387707288,1.987355479731844,1.5237953662872314,2.468386173248291,0.022807713598012924,3.734491308574917,0.8332058512256599,3.494909960530213,2.670673370361328,2.2518274784088135,2.179911343024601,1.8633813858032227,3.311687707901001,0.2905856068642893,3.712651252746582,3.428563174325417,1.148113489151001,0.5172075623891806,1.3914965391159058,0.4187324643135071,1.7155791468325496,3.2012901687817914,3.2786236985087105,1.792711853981018,0.027862006573744172,3.320625345862539,0.47242411971092224,0.84386117129184,35
1.470930452919108,0.3495267443056444,2.177645683288574,3.725444260372468,3.1942550028585517,2.0665094904948105,1.9593560283088316,1.1336861824803097,2.791522979736328,3.0927426639661317,3.1982555245192987,0.4923361786341202,1.4525034309116258,0.619758665561676,3.7290701866149902,0.3949217200279236,2.395323470546245,1.5237953662872314,3.3939061164855957,1.9943181276321411,3.5379208847406725,0.9382182942149874,3.5172373653169773,2.3974400334942736,2.2518274784088135,2.179911343024601,2.629220962524414,3.311687707901001,2.2128488161337247,3.0426688194274902,3.8968724005397912,1.148113489151001,1.6271775995564244,2.773942708969116,0.2633357048034668,1.9058287423682483,3.2012901687817914,0.8685005307197571,2.619208335876465,0.027862006573744172,3.320625345862539,0.725928783416748,0.8086944669693901,35
1.7946003230615353,1.4985894072790116,1.8424494538736957,3.725444260372468,3.383811677038441,1.330755591392517,1.9593560283088316,0.6313824566850094,2.4402852058410645,3.191180030736469,3.974376286086603,0.8831852078437805,1.1465976474052402,1.7774533033370972,1.227067206667912,1.1050776387707288,3.896702984491867,1.5237953662872314,2.392019748687744,1.714560627937317,3.644837724681033,0.6538905279649287,2.4947125243265815,2.3974400334942736,2.672495546883307,3.3061683177948,2.0899302204349173,3.311687707901001,1.395887960454572,1.937931529361378,0.9063854217529297,1.148113489151001,0.4668007876580767,3.135089874267578,3.2718966007232666,1.7915066195186593,3.2012901687817914,3.2786236985087105,3.880692958831787,1.5008715112915825,0.36837393045425415,0.01232052594423294,0.865170716871438,36
1.6697827778711185,0.3495267443056444,2.177645683288574,3.7107541359605167,3.383811677038441,2.0665094904948105,1.8027230129049914,0.08576937386801067,2.791522979736328,3.191180030736469,3.974376286086603,0.5232061147689819,0.6960796809627827,3.5922420024871826,1.227067206667912,1.1050776387707288,3.831775426864624,1.0560651388094144,1.3718875646591187,2.089524269104004,3.647881953685279,0.9382182942149874,2.4934246581727506,2.3974400334942736,1.6380987615395126,2.179911343024601,2.2035555839538574,0.8450492024421692,1.2631413556760596,2.0602567029320307,1.1049379110336304,1.0086792707443237,0.5172075623891806,1.3914965391159058,2.509438991546631,1.9058287423682483,3.2012901687817914,1.813308835029602,3.306432008743286,0.499360672277735,1.4316247701644897,0.7898836490993887,0.803889347385129,36
1.5838021635785218,0.3495267443056444,2.1786855387851625,3.7039173441027917,3.3034910494512646,2.0665094904948105,1.9593560283088316,0.028198599400033077,2.93308162689209,3.003921148912294,2.7001986950355747,0.8831852078437805,1.4525034309116258,0.18577437102794647,1.227067206667912,3.995365619659424,3.8947787575352786,1.5237953662872314,3.0952272415161133,2.603632760937745,3.4349309467791054,1.0160495069728261,2.9606895344386217,2.3974400334942736,2.2518274784088135,2.179911343024601,2.317431688308716,3.311687707901001,1.5614844485369448,2.0602567029320307,3.428563174325417,3.3651931285858154,0.5172075623891806,0.2878844439983368,2.7635393142700195,1.9058287423682483,2.7309036254882812,3.2786236985087105,0.7975050138582649,2.268104477571595,3.320625345862539,0.7556333829332091,0.9020028254389361,37
1.7946003230615353,0.3495267443056444,2.177645683288574,3.725444260372468,3.1700583447303745,1.8774551153182983,1.9593560283088316,0.08576937386801067,2.791522979736328,3.037163326356662,3.5967732718469607,0.8831852078437805,2.9513907432556152,0.32563912868499756,0.38166454434394836,1.1050776387707288,3.831775426864624,1.5237953662872314,1.7454214096069336,1.379051421534835,3.937813352662728,1.0800427707033606,2.792585803983241,1.570231318473816,2.2518274784088135,3.1631085872650146,2.0899302204349173,3.311687707901001,3.2539646430058804,2.0602567029320307,2.7982609272003174,1.148113489151001,1.5520237045081104,1.3914965391159058,2.7635393142700195,1.9058287423682483,3.2012901687817914,1.8589775562286377,1.3963657323332206,0.027862006573744172,3.320625345862539,0.7823467546326386,0.794679578516282,37
1.7946003230615353,1.9602582454681396,2.177645683288574,3.725444260372468,3.1700583447303745,1.968481421470642,1.9593560283088316,0.9821686173001027,3.3949337005615234,3.037163326356662,3.5967732718469607,2.6448299884796143,1.51021409034729,0.32563912868499756,1.1874513626098633,1.1050776387707288,2.9564485697767195,1.0238481755216347,1.7454214096069336,2.645207704826077,3.588836723562059,0.9082707247413428,3.3273261529907407,1.570231318473816,2.2518274784088135,2.9249255657196045,1.8175606727600098,3.311687707901001,2.8938870429992676,2.0602567029320307,2.40771484375,1.148113489151001,1.5520237045081104,3.385618209838867,1.305996060371399,1.7327022687739086,0.40760719776153564,1.8589775562286377,1.3963657323332206,0.6304924870842332,3.1245546340942383,0.7823467546326386,0.8727503010866209,38
1.8128062450892264,0.3495267443056444,2.186453009947238,3.725444260372468,2.990964103201186,0.3113601505756378,1.9593560283088316,0.5445831918834539,2.791522979736328,3.037163326356662,3.575021266937256,2.6292760372161865,2.2094132900238037,0.32563912868499756,1.4450243711471558,1.0063909025444042,2.985624014813337,1.0750733981319955,1.6237199306488037,1.379051421534835,3.937813352662728,1.1106822460841026,2.792585803983241,1.570231318473816,2.2518274784088135,1.8435883522033691,2.0899302204349173,0.6010218858718872,3.362999677658081,2.773346185684204,2.4135148525238037,1.148113489151001,1.5520237045081104,3.973193407058716,2.7635393142700195,1.5951923534574832,3.2012901687817914,1.8589775562286377,1.3963657323332206,0.027862006573744172,1.9652953147888184,1.234882761919367,0.8507200852897868,38
2.3773860152771027,0.8267195330217816,2.177645683288574,3.1818505860068633,3.385179162363438,2.0256730614888045,2.3332474692468415,0.059901395025991434,2.791522979736328,2.1576578617095947,2.914846522890942,3.2655322551727295,2.6635617384556682,1.607654140638391,0.26594628348974003,1.0354146150457149,3.831775426864624,1.5237953662872314,3.8412318229675293,1.379051421534835,3.8374525758201483,1.0800427707033606,2.792585803983241,3.4031341075897217,0.1357957422733307,3.1631085872650146,2.0899302204349173,3.6076159477233887,3.7406005859375,2.0602567029320307,2.7982609272003174,1.148113489151001,1.5520237045081104,1.3914965391159058,1.7959647178649902,1.9058287423682483,3.450156559699215,3.0091552734375,1.5235010385513306,0.027862006573744172,2.166429042816162,3.3940389156341553,0.8696372964629883,39
1.7946003230615353,2.2542542935070276,2.342948120071907,3.725444260372468,3.5640109126902204,2.269859423941285,2.5392418554125875,0.08576937386801067,2.791522979736328,3.037163326356662,2.7685347540941074,0.8831852078437805,2.9513907432556152,1.529165233358532,0.5062822954149858,1.238201112832216,3.831775426864624,1.5237953662872314,1.344113826751709,1.379051421534835,3.878359499426348,1.120812770054571,2.792585803983241,1.570231318473816,0.898883581161499,1.5478347539901733,2.0899302204349173,2.8471615314483643,2.317716598510742,2.0602567029320307,2.7982609272003174,1.148113489151001,0.9524324008396922,1.7723037152846577,0.3069347143173218,1.9058287423682483,3.2012901687817914,1.8589775562286377,1.3963657323332206,2.053853521466655,2.0034589767456055,0.7823467546326386,0.8597801926368722,39
1.520377351484973,0.22302271974710747,1.871461348778645,3.7127669560606917,3.179885695253069,1.8774551153182983,1.9593560283088316,0.08576937386801067,2.791522979736328,2.748384961354508,3.5967732718469607,0.8831852078437805,2.9513907432556152,3.5629619215262247,0.8895972088102139,1.1050776387707288,3.8557140399286887,1.5237953662872314,2.7540736198425293,1.379051421534835,3.507133499322947,1.0800427707033606,2.792585803983241,0.608648955821991,2.2518274784088135,3.1631085872650146,2.0899302204349173,3.311687707901001,3.2539646430058804,2.0602567029320307,2.7982609272003174,1.148113489151001,1.5520237045081104,1.3914965391159058,2.7635393142700195,1.9058287423682483,3.9918808937072754,1.8589775562286377,0.6443240642547607,0.027862006573744172,1.2289892435073853,0.2445182934839665,0.7917489738990794,40
1.5141239220786833,0.31708815066732454,2.177645683288574,3.794305492810066,3.1700583447303745,2.2131571810206476,1.9610978195801816,0.08576937386801067,2.791522979736328,2.6386515676309847,3.5967732718469607,0.8831852078437805,0.42180293798446655,0.32563912868499756,1.573100539553375,1.1050776387707288,3.831775426864624,1.5237953662872314,1.7454214096069336,1.379051421534835,3.3965668801751114,1.2347062227316934,2.792585803983241,1.570231318473816,2.2518274784088135,0.16305065155029297,2.0899302204349173,2.1539721488952637,3.2539646430058804,2.0602567029320307,1.841737985610962,1.7702124118804932,1.5520237045081104,0.8577524576328779,2.7635393142700195,1.9449415226523723,2.0285258293151855,1.8589775562286377,1.3963657323332206,0.07249428150097371,3.320625345862539,0.7823467546326386,0.8266992449275926,40
1.520377351484973,0.22302271974710747,1.7579748450465642,3.7127669560606917,3.179885695253069,1.639639597401032,2.264168407637893,2.853643150529609,2.791522979736328,2.9887675987018554,3.5967732718469607,0.3610782027244568,2.9513907432556152,0.17249883711338043,0.8895972088102139,1.1050776387707288,3.7490368636725284,1.4802012577515107,3.0440115928649902,0.9383901357650757,3.507133499322947,1.2852206507800341,3.7726998329162598,0.608648955821991,2.2518274784088135,2.501345157623291,2.0899302204349173,3.311687707901001,0.7071085572242737,2.852445602416992,2.4332993030548096,1.0146592855453491,1.8045692443847656,1.4356412438381148,2.7635393142700195,1.9058287423682483,3.9918808937072754,0.2625499367713928,0.6443240642547607,1.2229779705001076,0.5784264802932739,0.5195903479608077,0.8579758250811325,41
1.520377351484973,0.22302271974710747,1.871461348778645,3.7127669560606917,3.4791467296122143,1.8774551153182983,1.9593560283088316,3.367083781704859,2.791522979736328,3.1688315306384855,2.933701515197754,0.8831852078437805,1.7606778144836426,3.5629619215262247,1.473660495162821,1.1050776387707288,3.8557140399286887,1.5237953662872314,0.43932169675827026,3.8818001747131348,3.561787451297734,1.0800427707033606,3.3083221912384033,0.608648955821991,2.5686776638031006,3.6263904571533203,0.9076311588287354,0.1490243375301361,2.550675868988037,2.67834210395813,2.7982609272003174,3.3305153846740723,2.5833160877227783,1.3914965391159058,2.7635393142700195,1.9058287423682483,2.941958184628052,1.8147839307785034,0.6443240642547607,0.027862006573744172,1.2289892435073853,0.2445182934839665,0.8520852427637434,41
1.520377351484973,0.03584693554956141,1.871461348778645,3.7127669560606917,3.179885695253069,1.9877805709838867,1.9593560283088316,0.08576937386801067,1.8249633312225342,2.748384961354508,0.9031243920326233,0.8831852078437805,2.9513907432556152,3.5629619215262247,1.514603292492539,1.1050776387707288,3.8557140399286887,1.5237953662872314,2.3189432621002197,1.0353107452392578,3.507133499322947,1.0800427707033606,2.8258505589845706,0.608648955821991,2.2518274784088135,3.1631085872650146,2.0899302204349173,1.7131474018096924,3.2539646430058804,2.0602567029320307,2.7982609272003174,3.144590139389038,1.5520237045081104,1.6387678955870897,2.9001147747039795,1.9058287423682483,2.1294911904751093,1.8589775562286377,3.578484058380127,0.45467942687777146,1.2289892435073853,0.2445182934839665,0.8933710208891875,42
1.3916508634305347,0.22302271974710747,1.6779621983807966,3.7127669560606917,3.179885695253069,3.943326234817505,2.1095157805901987,0.08576937386801067,2.972411632537842,2.748384961354508,0.12164106220006943,1.3680481510886429,2.9513907432556152,1.9214344024658203,0.8895972088102139,1.1050776387707288,3.8557140399286887,0.12447813153266907,2.175137996673584,1.379051421534835,3.507133499322947,1.0800427707033606,3.8767608606566992,3.0510571002960205,1.722924838471924,1.7044953107833862,1.4081367254257202,3.311687707901001,3.2539646430058804,2.2450187562051935,3.2371108531951904,2.9342751502990723,1.5520237045081104,1.3914965391159058,3.1731467247009277,2.2188782026306004,1.5328636243089904,1.8589775562286377,0.6443240642547607,1.4984040591363383,2.9753904342651367,0.888487098144947,0.8243526627178707,42
1.520377351484973,0.22302271974710747,1.871461348778645,3.641217240674203,3.179885695253069,1.8774551153182983,1.7573197239679632,0.239242899169572,3.0969717502593994,3.1019358953979244,3.5967732718469607,0.8831852078437805,2.7092955112457275,3.215099334716797,0.04400218650698662,1.3596192583942122,3.8557140399286887,1.200416088104248,2.7540736198425293,1.2644760160599917,3.507133499322947,1.0800427707033606,3.093532360875651,1.850576639175415,0.24841928482055664,3.1631085872650146,2.0899302204349173,3.311687707901001,3.2539646430058804,2.0602567029320307,2.2951886653900146,1.148113489151001,1.5520237045081104,0.556788480085508,2.7635393142700195,1.7291069559900656,3.9918808937072754,2.302668333053589,0.6443240642547607,0.027862006573744172,1.2289892435073853,0.2445182934839665,0.8470689092756081,43
1.520377351484973,0.22302271974710747,1.959118395923776,3.6940141896466883,3.2016776860420033,0.04066114500164986,1.5585739911054233,0.08576937386801067,2.2756459712982178,2.748384961354508,2.3274707794189453,0.8831852078437805,2.9513907432556152,3.516420602798462,0.8895972088102139,1.1050776387707288,3.8557140399286887,1.5237953662872314,2.7540736198425293,0.7866640638895803,3.507133499322947,1.330399674166137,2.567473328050181,0.608648955821991,2.2518274784088135,3.1631085872650146,0.6653487086296082,2.8217413425445557,3.2539646430058804,0.7338166236877441,2.7982609272003174,1.148113489151001,1.5520237045081104,1.0979325390410417,2.7635393142700195,1.6987452820492837,3.9918808937072754,3.578481674194336,0.6443240642547607,0.6703786678702421,3.962285041809082,0.21686547553957886,0.9002830854085713,43
1.6765942573547363,0.22302271974710747,1.871461348778645,3.7127669560606917,3.179885695253069,1.8774551153182983,1.9593560283088316,0.323765054290075,2.791522979736328,2.748384961354508,3.5967732718469607,0.8831852078437805,2.9513907432556152,3.5629619215262247,0.8895972088102139,1.057400301252834,3.8557140399286887,1.5237953662872314,2.7540736198425293,1.379051421534835,3.507133499322947,1.0800427707033606,3.123608749453987,1.1664060354232788,2.2518274784088135,3.1631085872650146,0.5458592176437378,3.311687707901001,0.8576363325119019,1.9216472494159458,1.1481845378875732,1.148113489151001,1.5520237045081104,1.3914965391159058,2.7635393142700195,1.944508315672683,2.22110940631524,1.8589775562286377,2.0581275234221232,0.027862006573744172,3.366158962249756,0.2445182934839665,0.7951669625415642,44
1.520377351484973,0.22302271974710747,1.9562550428812795,3.7127669560606917,3.6300867278986972,2.4352883981120486,1.9593560283088316,0.08576937386801067,2.791522979736328,2.748384961354508,2.283498363623762,0.8831852078437805,2.918452501296997,1.5891486406326294,0.8895972088102139,1.024729114279134,3.8557140399286887,1.7992509603500366,3.837679147720337,2.85262131690979,3.507133499322947,0.7612866162584421,2.792585803983241,3.560699939727783,2.0229340125382844,3.1631085872650146,1.8597016334533691,2.373499870300293,0.11583112180233002,2.4102862554770095,2.7982609272003174,1.148113489151001,1.5520237045081104,1.3914965391159058,1.7096244096755981,1.774711824090303,0.6187860473177308,1.8589775562286377,0.6443240642547607,0.027862006573744172,1.2032345533370972,0.6226887694287255,0.7618231351596911,44
3.8122193813323975,0.47707231676401773,2.15372721481063,3.7127669560606917,3.6300867278986972,2.4352883981120486,1.5958756326108423,0.28774267028157896,3.8396096229553223,2.748384961354508,2.5295629501342773,0.8831852078437805,2.988693952560425,1.5891486406326294,0.8895972088102139,1.024729114279134,3.8557140399286887,1.7992509603500366,1.8113981326815451,3.1047019958496094,3.062129605033748,0.8954813234764903,2.792585803983241,3.560699939727783,1.6942490466737943,3.1631085872650146,1.8597016334533691,2.1419260501861572,3.1870074643188606,2.4102862554770095,2.7982609272003174,1.148113489151001,2.9958491357024077,2.4252824783325195,0.8339654207229614,2.2129322495696853,0.6187860473177308,1.8589775562286377,0.6462484576419731,1.336632579127476,2.887996196746826,0.6226887694287255,0.8846549976286542,45
1.520377351484973,0.22302271974710747,1.9562550428812795,3.6449069296917322,3.5942899682483747,2.4352883981120486,1.5570616228120675,0.08576937386801067,3.906806230545044,0.6729907989501953,0.08225832879543304,2.8566548824310303,2.918452501296997,2.74640154838562,0.8895972088102139,1.024729114279134,3.8557140399286887,1.7992509603500366,3.7629883795751407,2.85262131690979,3.507133499322947,0.9616248229832782,2.792585803983241,3.560699939727783,2.0229340125382844,3.928410291671753,1.8597016334533691,2.373499870300293,0.11583112180233002,1.9660381145154455,2.7982609272003174,0.9975762213990292,1.0307823965129626,1.3914965391159058,1.7096244096755981,2.142688533509265,2.1672821044921875,1.8589775562286377,0.6443240642547607,0.027862006573744172,1.2032345533370972,0.6226887694287255,0.8714175179708646,45
1.520377351484973,0.22302271974710747,1.9562550428812795,3.7127669560606917,3.6300867278986972,2.4352883981120486,2.651054620742798,0.08576937386801067,2.699251174926758,2.748384961354508,1.589459776878357,0.8831852078437805,2.918452501296997,1.5891486406326294,1.029080927639532,1.024729114279134,3.8557140399286887,3.858811616897583,3.837679147720337,2.43068528175354,3.507133499322947,0.7612866162584421,2.792585803983241,0.6413305997848511,2.3306267840571055,3.2018439769744873,1.6722863912582397,2.373499870300293,0.11583112180233002,2.4102862554770095,2.3628523349761963,1.148113489151001,0.36656208271298224,1.3914965391159058,1.7096244096755981,2.167196533147944,3.9674429893493652,1.8589775562286377,2.0504083220884373,1.0553637742996216,1.2032345533370972,0.39003433167900387,0.7956540480160577,46
1.520377351484973,0.22302271974710747,2.0606855363464494,3.7127669560606917,3.730011042027938,2.4352883981120486,0.5765196084976196,0.004577744752168655,3.6970536708831787,2.6336149352670666,2.283498363623762,0.39227890968322754,2.8992679119110107,1.5891486406326294,1.1974220340246473,0.9332128741912374,1.5158828496932983,3.249391794204712,3.837679147720337,1.2851243019104004,3.507133499322947,1.1661089566244447,2.792585803983241,3.560699939727783,2.0229340125382844,3.0751891136169434,2.391000270843506,0.779431164264679,1.9345457553863525,2.4102862554770095,3.4270389080047607,0.9577019964689452,3.0628257864829305,1.3914965391159058,2.8354132175445557,1.774711824090303,3.705678939819336,1.381941145749238,0.6443240642547607,0.027862006573744172,1.2032345533370972,0.8589918211078982,0.8257614122434691,46
1.520377351484973,0.22302271974710747,1.8614904141920119,3.7127669560606917,2.9221153575685466,2.4352883981120486,1.9593560283088316,1.668046474456787,2.791522979736328,2.748384961354508,0.6221939325332642,0.8831852078437805,2.918452501296997,1.5891486406326294,0.8895972088102139,1.0872010969197283,0.5078619718551636,2.56195068359375,3.837679147720337,2.85262131690979,3.507133499322947,0.7612866162584421,2.5442049243492186,3.560699939727783,1.558375528025704,1.1055032014846802,1.8597016334533691,2.373499870300293,2.2324326038360596,2.4102862554770095,2.7982609272003174,1.3171463423833762,1.5520237045081104,1.3914965391159058,2.3603641986846924,1.774711824090303,0.6187860473177308,2.0922458086110054,0.7993290998610277,0.027862006573744172,3.0139341354370117,0.6226887694287255,0.8479831771178553,47
1.520377351484973,0.3912214653061147,2.1485682142483187,3.7127669560606917,2.9741851721903445,2.229070924784286,2.512004130701193,0.08576937386801067,2.791522979736328,2.8053210421683255,2.283498363623762,0.8831852078437805,3.5266401767730713,2.630492687225342,2.0374055249443,1.024729114279134,2.6861236095428467,1.7992509603500366,3.5458614826202393,2.85262131690979,3.9075199297619605,0.7612866162584421,2.792585803983241,3.560699939727783,2.0229340125382844,3.1631085872650146,1.8597016334533691,2.373499870300293,0.11583112180233002,1.6962103843688965,2.78200101852417,1.148113489151001,3.01979398727417,1.3914965391159058,1.7096244096755981,1.7049441495878632,0.6187860473177308,1.8589775562286377,1.7343055888260783,0.027862006573744172,1.2032345533370972,0.6226887694287255,0.7937039126130676,47
1.520377351484973,0.22302271974710747,1.9304106676024795,3.7127669560606917,3.6300867278986972,2.4352883981120486,1.9593560283088316,0.5147130489349365,1.8017363548278809,2.748384961354508,0.6447272300720215,1.4930024147033691,2.918452501296997,0.7621603012084961,0.8895972088102139,0.8301731067949792,3.711138791348989,1.7992509603500366,3.837679147720337,2.85262131690979,3.507133499322947,0.8569798983901689,2.792585803983241,3.560699939727783,2.2578304968416516,2.069028377532959,3.4760313034057617,2.7272226810455322,0.11583112180233002,2.4102862554770095,2.7982609272003174,1.148113489151001,0.9253014204446085,2.5646759213513297,3.6154427528381348,1.5572597242523358,0.6187860473177308,2.2074415938533796,0.9508132601278224,2.8797085285186768,3.201977491378784,0.8676723160485104,0.8369460492245663,48
1.3529842455152539,0.22302271974710747,1.9562550428812795,3.7251261249975838,3.6300867278986972,2.969081860055583,3.704115390777588,0.08576937386801067,2.791522979736328,2.748384961354508,2.066080331802368,0.8831852078437805,2.918452501296997,1.5891486406326294,0.7213624088121026,0.8441267052612925,3.5704409143594327,1.1778068542480469,3.837679147720337,3.0935704708099365,3.507133499322947,0.9013195773490108,3.256929476025478,3.560699939727783,2.0229340125382844,3.102198600769043,1.8597016334533691,2.373499870300293,2.958862066268921,0.4932614266872406,2.7982609272003174,1.080180164742649,2.1790852895273463,1.3914965391159058,1.7096244096755981,1.7396832529086645,0.6187860473177308,2.0714958026116275,0.6443240642547607,3.3896291255950928,2.3387436866760254,0.6226887694287255,0.8091734095443743,48
1.520377351484973,0.22302271974710747,1.9562550428812795,3.7127669560606917,3.60866599461618,2.5240008096489372,1.9593560283088316,0.08576937386801067,0.5175108313560486,2.748384961354508,2.283498363623762,3.939390182495117,2.918452501296997,1.5891486406326294,0.8895972088102139,0.8696509240988957,3.8557140399286887,0.6012990474700928,3.837679147720337,3.1208231449127197,3.507133499322947,0.7612866162584421,2.792585803983241,3.560699939727783,2.0229340125382844,3.1631085872650146,2.083390474319458,2.373499870300293,2.220566511154175,3.3780460357666016,2.7982609272003174,1.148113489151001,1.5520237045081104,1.3914965391159058,1.7096244096755981,1.8634815273342196,2.2091798782348633,1.8589775562286377,1.4643937485462475,0.027862006573744172,3.3187801837921143,0.6226887694287255,0.8196393441401078,49
1.520377351484973,0.22017980177489183,1.9562550428812795,3.7127669560606917,3.6300867278986972,2.6421574883972414,1.9593560283088316,0.08576937386801067,2.791522979736328,3.15776926060415,3.064465699898431,0.9856076836585999,1.6223268508911133,1.4920529127120972,0.8895972088102139,0.8587972543080871,3.8557140399286887,0.0686124861240387,0.11555977165699005,2.85262131690979,2.6343061837856476,0.7612866162584421,2.8818447910476817,2.770949602127075,2.0229340125382844,3.1631085872650146,1.8597016334533691,3.864258050918579,0.11583112180233002,2.4102862554770095,2.7982609272003174,1.06293927160954,1.0320353921162624,1.3914965391159058,1.2488148182566896,1.774711824090303,0.6187860473177308,2.033743700398522,2.1963905226278397,0.027862006573744172,1.2032345533370972,0.6226887694287255,0.7673969071731526,49
1.520377351484973,0.22302271974710747,1.9562550428812795,3.8187777449066496,3.6300867278986972,2.7583339593578993,1.8543399075141052,3.2684578895568848,2.3805148396534186,2.748384961354508,2.283498363623762,0.8831852078437805,1.5848947763442993,0.24031253159046173,0.6527241468429565,0.7470293744045675,3.8557140399286887,1.7992509603500366,3.837679147720337,3.3667712211608887,3.507133499322947,0.7612866162584421,2.7375579484515047,2.011889934539795,2.0229340125382844,2.718283612229098,0.33379700779914856,2.471280574798584,3.789292097091675,2.4102862554770095,3.8344247341156006,1.148113489151001,3.544879674911499,1.3914965391159058,1.7096244096755981,1.774711824090303,0.6187860473177308,1.7886912046138819,0.5864047408103943,3.5262579917907715,1.2032345533370972,0.6226887694287255,0.8705278622841308,50
1.520377351484973,0.20291127880198073,1.9562550428812795,3.780762073615324,3.6300867278986972,2.4352883981120486,1.9593560283088316,0.08576937386801067,3.262914333126741,2.748384961354508,2.283498363623762,0.8831852078437805,2.918452501296997,0.3264100253582001,0.8895972088102139,1.024729114279134,3.8557140399286887,1.89114511013031,3.837679147720337,3.2873919010162354,3.507133499322947,0.7612866162584421,2.792585803983241,3.560699939727783,2.4765694047720266,3.1631085872650146,1.8597016334533691,2.373499870300293,2.7578375339508057,2.4102862554770095,2.7982609272003174,1.148113489151001,1.5051347017288208,0.6923983097076416,1.7096244096755981,2.2617813742537893,1.6725777387619019,1.8589775562286377,0.5694938898086548,0.027862006573744172,1.2032345533370972,0.4200058678242798,0.7917489738990794,50
1.1246521727066296,0.22302271974710747,1.506481716912927,3.8137888335671843,3.6300867278986972,2.4352883981120486,2.031153917312622,0.21826257846200084,2.791522979736328,2.748384961354508,2.283498363623762,3.3160922527313232,2.2638614177703857,0.21854817867279053,0.8895972088102139,0.9304954999298248,1.8199983835220337,1.7992509603500366,3.837679147720337,2.85262131690979,3.507133499322947,0.7612866162584421,3.036168162362964,3.560699939727783,2.0229340125382844,3.1631085872650146,1.0941061973571777,1.552581787109375,1.7621029615402222,2.4102862554770095,2.7982609272003174,1.148113489151001,0.7783785887891603,1.3914965391159058,2.4857230093875406,1.774711824090303,1.0244226455688477,1.9326184216534736,0.6443240642547607,1.7458025217454558,1.2032345533370972,0.66114833397813,0.8029248727158507,51
1.156523384545876,0.34959468980815145,1.9562550428812795,3.8254506199030156,3.6300867278986972,2.4352883981120486,2.352044105529785,0.6998605400932393,2.791522979736328,2.885743088160743,2.283498363623762,3.8785059452056885,2.918452501296997,3.728285074234009,0.8895972088102139,1.024729114279134,3.8557140399286887,1.7992509603500366,1.3911902904510498,3.4635541439056396,3.507133499322947,0.7612866162584421,2.792585803983241,2.704761028289795,2.0229340125382844,3.1631085872650146,3.2047531604766846,2.373499870300293,1.9534372091293335,3.370889663696289,2.7982609272003174,1.106011223421474,1.5520237045081104,1.3914965391159058,0.19097413576652877,1.774711824090303,0.6187860473177308,1.8589775562286377,0.24590540573662129,0.027862006573744172,3.684828758239746,0.6226887694287255,0.8424826876522455,51
1.520377351484973,0.22302271974710747,1.4990625623661105,3.712758966097311,3.6300867278986972,2.4352883981120486,1.9593560283088316,0.08576937386801067,0.07376480102539062,2.748384961354508,3.367081570734378,0.8831852078437805,2.918452501296997,3.7125296592712402,1.1131576299667358,1.1306773205665503,3.8557140399286887,1.7992509603500366,3.837679147720337,2.1276961481928813,3.507133499322947,0.7612866162584421,3.567496309252558,3.297600030899048,2.0510649095542557,1.9479491607433728,1.8597016334533691,2.1573641300201416,1.209588885307312,2.4102862554770095,2.7982609272003174,1.148113489151001,1.5520237045081104,1.3914965391159058,1.7096244096755981,1.6215170081029433,0.6187860473177308,1.8589775562286377,0.6443240642547607,1.8310952186584473,1.2032345533370972,0.6226887694287255,0.8262304616492242,52
1.1766935085678845,0.22302271974710747,1.9562550428812795,3.669645288525652,3.6300867278986972,2.4352883981120486,0.6183526515960693,0.08576937386801067,1.0793863534927368,2.748384961354508,3.203604854322641,0.8831852078437805,2.918452501296997,3.8272452354431152,0.9841756820678711,1.016088399098166,3.8557140399286887,1.7992509603500366,3.837679147720337,2.85262131690979,3.507133499322947,0.7141515532890998,2.792585803983241,3.4496700763702393,1.5055221759823347,3.1631085872650146,1.8597016334533691,2.373499870300293,0.11722569167613983,2.4102862554770095,3.5864882469177246,1.3718674185155209,1.5520237045081104,1.3914965391159058,2.076030426872671,1.774711824090303,0.6187860473177308,1.9564605566390791,0.6443240642547607,3.6462881565093994,0.3543927073478699,0.4706093440699128,0.8762944793280859,52
1.4835944891399406,0.22302271974710747,1.8030744759033295,3.7127669560606917,3.6300867278986972,2.4352883981120486,1.9593560283088316,0.08576937386801067,2.791522979736328,2.553317327919113,2.3528308321325078,0.1378135234117508,2.918452501296997,1.5891486406326294,0.8895972088102139,1.024729114279134,3.8557140399286887,0.6601502895355225,2.19266414642334,2.85262131690979,2.9178504291710374,0.7612866162584421,2.5098213270952567,2.2714011669158936,0.09333591163158417,3.1631085872650146,1.8597016334533691,2.373499870300293,1.9760483503341675,2.4102862554770095,0.18616148829460144,1.148113489151001,0.5762644410133362,1.3914965391159058,3.309957265853882,2.1288453050644485,2.901087522506714,1.8589775562286377,2.68765926361084,0.027862006573744172,1.2032345533370972,0.6226887694287255,0.8829014676634688,53
1.2070126987319925,0.4363077553857795,2.1773439784209927,3.7127669560606917,3.6300867278986972,2.818910725809838,1.9593560283088316,0.08576937386801067,2.791522979736328,2.748384961354508,2.2448435984840254,0.8831852078437805,2.918452501296997,1.332082986831665,0.8895972088102139,1.024729114279134,3.8557140399286887,1.7992509603500366,1.0019418001174927,2.85262131690979,3.507133499322947,1.1753630308255434,3.196203103486292,3.560699939727783,0.5062820911407471,3.1631085872650146,1.5214035511016846,2.373499870300293,2.768296957015991,2.4102862554770095,0.5217222571372986,1.4936529136564647,1.5520237045081104,1.3914965391159058,0.416797399520874,2.04114248250172,0.6187860473177308,1.8589775562286377,0.6443240642547607,0.6020123839754582,1.2032345533370972,0.6226887694287255,0.7917489738990794,53
1.520377351484973,0.22302271974710747,1.9562550428812795,3.7127669560606917,3.6300867278986972,2.1822307078164647,2.43969710095246,0.08576937386801067,2.1488170371876087,2.748384961354508,3.157040698613084,0.8831852078437805,2.918452501296997,1.5891486406326294,0.8895972088102139,0.9357817483406594,1.534726858139038,1.7992509603500366,3.669118642807007,2.85262131690979,3.507133499322947,0.7612866162584421,2.8655315140734876,3.8394923210144043,2.0229340125382844,0.043982647359371185,2.697267770767212,2.373499870300293,0.11583112180233002,0.7003373503684998,2.7982609272003174,1.4634669786151548,1.6621819734573364,3.342129707336426,1.7096244096755981,2.1176151579550604,0.6187860473177308,1.8589775562286377,0.6443240642547607,0.027862006573744172,1.2032345533370972,0.6226887694287255,0.8470689092756081,54
1.252707094895655,0.22302271974710747,1.7840684597766194,3.7192912484229628,3.6300867278986972,2.4352883981120486,2.364034732781868,0.7933571081162912,2.791522979736328,2.4236879468704737,2.283498363623762,0.8831852078437805,2.918452501296997,0.07099759578704834,0.8895972088102139,1.024729114279134,3.8557140399286887,1.5786799192428589,3.118237018585205,2.5917613780073143,3.2981664372030752,0.7612866162584421,2.792585803983241,3.560699939727783,2.0229340125382844,1.935517430305481,1.511274814605713,2.373499870300293,0.11583112180233002,2.4102862554770095,2.7982609272003174,1.493765307792494,0.7375325560569763,1.3914965391159058,2.311087676361326,1.774711824090303,0.6187860473177308,1.7124449014663696,0.6443240642547607,0.027862006573744172,1.2032345533370972,0.6226887694287255,0.8153740627476265,54
1.520377351484973,0.22302271974710747,1.9562550428812795,3.7127669560606917,3.2079471957381513,2.4352883981120486,1.9593560283088316,0.08576937386801067,2.791522979736328,2.9683548058570564,2.283498363623762,0.8831852078437805,2.479325532913208,3.393651008605957,1.351538822559376,0.8238532101473124,3.8557140399286887,1.669838547706604,3.837679147720337,2.85262131690979,2.4378689511366316,0.7612866162584421,3.1877291562185635,1.5173853635787964,2.0229340125382844,3.1631085872650146,1.8597016334533691,2.373499870300293,2.2071237564086914,2.4102862554770095,2.7982609272003174,0.8572057438181777,3.4032669067382812,0.6613762080320303,1.7096244096755981,1.774711824090303,0.6187860473177308,1.8589775562286377,0.6443240642547607,1.143829584121704,1.2032345533370972,0.6226887694287255,0.7794195227867992,55
1.3003767055441058,0.22302271974710747,1.9562550428812795,3.764572136130155,3.6300867278986972,2.4352883981120486,2.334702956614213,0.08576937386801067,1.9092968248390414,3.2056357812095944,2.283498363623762,0.8831852078437805,2.918452501296997,2.8423070907592773,1.442225186983289,1.024729114279134,3.8557140399286887,3.7763442993164062,3.789700746536255,2.85262131690979,3.2119532921458394,0.6852687685347649,3.1530366862083077,1.2405658960342407,1.4536517536280176,3.1631085872650146,2.2747256755828857,2.373499870300293,0.11583112180233002,2.4102862554770095,2.7694406509399414,1.148113489151001,3.179084539413452,1.6961234999089336,0.98830174521988,1.774711824090303,3.045550584793091,0.4569970369338989,0.6443240642547607,0.027862006573744172,1.2032345533370972,0.6226887694287255,0.8369460492245663,55
1.520377351484973,0.4453299738823996,1.9562550428812795,3.6543787639476686,3.9666269899797895,2.7207316259827747,2.028107880185163,0.08576937386801067,2.4066544939948926,2.748384961354508,2.283498363623762,1.009582281112671,2.918452501296997,3.547067165374756,0.8895972088102139,1.2650376491775264,2.6924049854278564,1.7992509603500366,3.744375705718994,2.85262131690979,3.507133499322947,0.7235837168720936,3.0011166238776106,3.560699939727783,2.0229340125382844,3.1631085872650146,1.8597016334533691,2.373499870300293,3.286850690841675,2.4102862554770095,0.09492062032222748,1.148113489151001,1.771848201751709,1.3914965391159058,1.7096244096755981,1.774711824090303,3.809225082397461,2.3967540995363708,0.6443240642547607,3.005901336669922,1.2032345533370972,1.035520642829749,0.8058148336102628,56
1.521731277341972,0.4636599666744947,1.9562550428812795,3.7127669560606917,3.901536085599211,2.4352883981120486,2.1615645791618188,0.08576937386801067,3.285442120037161,2.748384961354508,2.283498363623762,0.8831852078437805,1.0063856840133667,3.2246060371398926,0.8895972088102139,1.024729114279134,3.8557140399286887,1.7992509603500366,3.456073760986328,2.85262131690979,3.507133499322947,0.7612866162584421,3.1020603400405573,3.560699939727783,2.0229340125382844,3.1581196784973145,1.8597016334533691,1.8510700464248657,0.23292025923728943,2.4102862554770095,2.7982609272003174,1.148113489151001,3.558887243270874,1.1385809883774196,1.8520743744864978,1.774711824090303,3.5303263664245605,2.025692460861151,0.43840935826301575,2.0905489921569824,1.2032345533370972,0.6226887694287255,0.817272491540378,56
1.584659939910214,0.4371328190682431,2.0315930597085017,3.7770940389821495,3.6300867278986972,2.4352883981120486,1.9593560283088316,0.02603236029230062,2.791522979736328,3.008946905482225,2.283498363623762,0.6036829548620208,2.918452501296997,1.486547589302063,1.033843033652859,1.2957553109992375,3.8557140399286887,0.04323509708046913,3.837679147720337,3.100364631867598,1.9749438762664795,0.7612866162584421,3.3450449681433634,3.560699939727783,2.0229340125382844,3.1631085872650146,1.8597016334533691,1.9859588146209717,3.603342294692993,2.4102862554770095,2.442354679107666,3.1625804901123047,1.5520237045081104,1.3914965391159058,1.7096244096755981,1.774711824090303,0.6187860473177308,1.4862026130750534,3.420668125152588,0.027862006573744172,3.1903069019317627,3.525740146636963,0.8561676548413886,57
1.1186057876680797,0.3791387018799469,1.9562550428812795,3.7127669560606917,3.6300867278986972,2.6548067683605243,1.9593560283088316,0.08576937386801067,2.791522979736328,2.748384961354508,3.480971574783325,0.8831852078437805,2.918452501296997,3.1996850967407227,0.8895972088102139,1.3936903161081644,3.8557140399286887,1.7992509603500366,3.837679147720337,3.367420668374368,0.5770859718322754,0.7612866162584421,3.9845695430797576,3.560699939727783,2.423355454702552,2.7702506628902155,1.8597016334533691,1.6636343002319336,1.4529967308044434,2.4102862554770095,3.802929639816284,3.542949676513672,1.5520237045081104,1.5286225080490112,1.7096244096755981,3.1179423332214355,1.4890398979187012,1.8589775562286377,0.6443240642547607,0.4034901114135707,1.2032345533370972,2.410663604736328,0.8543556577734802,57
1.520377351484973,0.22302271974710747,1.9562550428812795,3.7127669560606917,3.0161706361138014,2.4352883981120486,1.9593560283088316,0.08576937386801067,2.791522979736328,2.748384961354508,2.283498363623762,0.8831852078437805,2.918452501296997,1.5891486406326294,1.1214747428894043,1.0154967508242319,1.7129778723967037,1.7992509603500366,2.926248788833618,2.1059906482696533,3.507133499322947,0.5788505667421248,3.1320832568290538,2.5524954795837402,2.0229340125382844,3.1631085872650146,0.8203166723251343,2.373499870300293,0.11583112180233002,2.4102862554770095,3.414609670639038,0.6970140386967358,1.371216146408988,1.3914965391159058,1.7096244096755981,1.774711824090303,0.902085542678833,1.8589775562286377,0.46147969619456014,0.027862006573744172,0.18351981043815613,0.6226887694287255,0.9143742152400811,58
1.520377351484973,0.5789344752055102,1.9562550428812795,3.6563598786382645,3.6300867278986972,2.4352883981120486,2.3009968310665476,0.08576937386801067,2.791522979736328,2.748384961354508,2.283498363623762,3.5941410064697266,2.918452501296997,3.079971243916474,0.8895972088102139,1.024729114279134,3.8557140399286887,2.5495738983154297,3.837679147720337,2.125138521194458,3.507133499322947,0.6797034820528786,2.792585803983241,3.560699939727783,2.0229340125382844,2.25498507376075,1.601799726486206,0.09791912883520126,0.11583112180233002,2.4102862554770095,1.4069523811340332,1.148113489151001,1.521958872680037,0.5506441195100864,1.7096244096755981,1.774711824090303,0.6187860473177308,1.8589775562286377,0.6443240642547607,0.027862006573744172,1.2032345533370972,0.6226887694287255,0.8745241856425895,58
1.6794518142068595,1.0005910396575928,2.0207580738132482,3.70040604860204,3.6300867278986972,2.4352883981120486,0.09032490849494934,0.08576937386801067,2.791522979736328,2.918834541527879,0.7329654097557068,0.8831852078437805,2.918452501296997,1.5891486406326294,3.9244472980499268,1.024729114279134,3.8557140399286887,1.7992509603500366,3.913560390472412,0.7235897779464722,3.507133499322947,0.7754590511322021,2.792585803983241,3.560699939727783,2.0229340125382844,3.1631085872650146,2.6350269317626953,2.373499870300293,3.0261921279589608,2.5866239070892334,2.772148370742798,1.148113489151001,1.6610382421335919,1.9476606499443614,1.0539348520681648,1.774711824090303,0.6187860473177308,2.116990089416504,0.6443240642547607,0.027862006573744172,1.2032345533370972,0.6226887694287255,0.8420226916104989,59
1.520377351484973,0.22302271974710747,1.9562550428812795,3.7127669560606917,3.6300867278986972,2.4352883981120486,2.3613133430480957,0.08576937386801067,2.791522979736328,2.9340595559382185,2.283498363623762,0.9646837936142866,2.918452501296997,1.5891486406326294,0.8895972088102139,0.8893529780168654,3.287535233797196,1.4057739448838737,3.837679147720337,2.85262131690979,3.975484609603882,0.7612866162584421,2.792585803983241,3.560699939727783,2.0229340125382844,3.1631085872650146,1.8597016334533691,2.9392104148864746,3.6392016661592748,2.4102862554770095,2.4792978763580322,1.148113489151001,1.5520237045081104,1.4287873612887219,1.7096244096755981,2.0984322372071684,0.9752436280250549,1.8589775562286377,0.7173411911517671,0.027862006573744172,1.2032345533370972,0.040632857051557225,0.8257614122434691,59
1.520377351484973,0.22302271974710747,1.9562550428812795,3.7127669560606917,3.6300867278986972,3.1100480055466786,2.248734474182129,0.08576937386801067,2.791522979736328,2.748384961354508,2.283498363623762,1.10588884645112,2.518815755844116,2.223546028137207,1.8016390800476074,0.767279333392878,3.845821007972522,0.013402573764324188,3.837679147720337,2.85262131690979,3.507133499322947,1.5236144432676524,2.7159126279175907,3.560699939727783,2.5706739518813153,3.1631085872650146,1.0081367169389215,2.373499870300293,0.8897706473971551,2.4102862554770095,2.7982609272003174,1.148113489151001,1.5520237045081104,1.3914965391159058,1.7096244096755981,1.600788050038769,1.6658294200897217,1.8589775562286377,0.6443240642547607,0.09019503026230877,0.023546885699033737,0.6226887694287255,0.79614083548773,60
1.520377351484973,0.22302271974710747,1.9562550428812795,3.7418410558926603,0.730883002281189,2.4352883981120486,1.455531120300293,2.9885668754577637,3.6368463039398193,2.748384961354508,1.6934325695037842,1.670687585463066,2.918452501296997,1.7453577518463135,0.8895972088102139,1.024729114279134,3.8364021145258422,1.286468505859375,0.7767361402511597,2.85262131690979,2.3257710933685303,0.7612866162584421,2.8972459061324933,3.560699939727783,2.0229340125382844,3.1631085872650146,1.8597016334533691,1.146335482597351,0.8197782317929502,2.4102862554770095,0.5723056197166443,1.148113489151001,0.3147081732749939,3.0452113151550293,0.9617035984992981,1.774711824090303,3.68074107170105,1.8589775562286377,0.6443240642547607,0.027862006573744172,2.02541446685791,0.6226887694287255,0.8597801926368722,60
1.2369285734843147,0.22302271974710747,1.9562550428812795,3.7127669560606917,3.089685518204987,2.366516325764137,1.7403286059593066,0.07619217995127257,3.9358460903167725,2.8210183705183525,2.283498363623762,0.8177387178086942,2.918452501296997,1.5891486406326294,2.9887654781341553,1.024729114279134,3.8557140399286887,1.7992509603500366,1.351283073425293,2.85262131690979,0.4284072518348694,0.7612866162584421,2.792585803983241,3.560699939727783,2.0229340125382844,3.1631085872650146,1.8597016334533691,2.343980550765991,1.096756506506625,2.4102862554770095,1.9708770513534546,1.148113489151001,2.769298553466797,0.7838177680969238,2.90541672706604,1.774711824090303,0.4791209399700165,1.8589775562286377,0.5178952813148499,0.027862006573744172,1.2032345533370972,0.26845630856992536,0.7422463126264723,61
1.520377351484973,0.2185345876675196,1.9562550428812795,3.7127669560606917,3.6300867278986972,2.4352883981120486,2.9603973089686204,0.08576937386801067,2.562561273574829,2.748384961354508,2.283498363623762,0.8831852078437805,2.8763763904571533,1.5891486406326294,0.8895972088102139,1.024729114279134,3.8557140399286887,3.262938976287842,3.837679147720337,2.85262131690979,1.1968713998794556,0.7612866162584421,2.792585803983241,3.1854593753814697,2.0229340125382844,3.1631085872650146,1.8597016334533691,2.373499870300293,0.6592244247961445,2.4102862554770095,0.17334602773189545,1.148113489151001,0.5819740891456604,1.3914965391159058,3.0765583515167236,2.0084672324595116,0.6187860473177308,1.8589775562286377,0.6443240642547607,0.14901888244058464,0.6350666284561157,0.6226887694287255,0.7956540480160577,61
0.9045633053954016,0.22290753010512263,1.9562550428812795,3.7127669560606917,3.089685518204987,2.366516325764137,1.6375591227679833,0.07619217995127257,3.9358460903167725,2.8210183705183525,2.283498363623762,0.32701390010718306,2.918452501296997,1.5891486406326294,0.5871925354003906,1.1361504701779066,3.8557140399286887,1.7992509603500366,1.351283073425293,2.85262131690979,3.768173933029175,1.3772775377962228,2.792585803983241,3.560699939727783,2.2197535423525125,3.1631085872650146,1.9824484690666195,0.09040871262550354,1.096756506506625,2.4102862554770095,3.6596999168395996,1.148113489151001,2.769298553466797,0.7838177680969238,2.90541672706604,1.774711824090303,0.4791209399700165,2.1233109290992234,0.5178952813148499,0.027862006573744172,1.2032345533370972,3.6463518142700195,0.7995400493899183,62
1.2854693916878475,0.3025132559956092,1.9562550428812795,3.7127669560606917,3.0420896407047304,2.057689843092641,1.7403286059593066,1.1182119846343994,0.052910517901182175,2.8210183705183525,2.283498363623762,0.8177387178086942,1.1443464756011963,1.5891486406326294,3.2909648418426514,1.1781980448856255,3.8557140399286887,0.6785621047019958,1.351283073425293,2.0620739459991455,2.1538245677948,0.7612866162584421,2.792585803983241,3.357677459716797,2.1667324510714545,3.1631085872650146,1.8597016334533691,1.1605418920516968,1.096756506506625,3.100200891494751,1.9708770513534546,1.148113489151001,2.769298553466797,0.7838177680969238,0.0002635680139064789,1.774711824090303,0.4791209399700165,2.5407970791675885,2.9505324363708496,0.027862006573744172,1.2032345533370972,2.886347770690918,0.8276360149107671,62
1.2369285734843147,0.4995926804361857,1.9627891332339986,3.747225935566072,3.089685518204987,2.366516325764137,1.7403286059593066,1.271182740476613,3.9358460903167725,2.8210183705183525,2.283498363623762,0.8177387178086942,2.918452501296997,2.396348476409912,2.9887654781341553,0.6407587465032484,3.542920593020816,0.9657523036003113,0.8833490014076233,2.85262131690979,0.4284072518348694,0.7612866162584421,2.484179124835227,3.560699939727783,2.556857111784512,3.1631085872650146,2.480345275657491,2.754880666732788,1.096756506506625,1.9317866563796997,1.9708770513534546,1.120650480566925,0.31766337156295776,1.0602577924728394,1.4494898319244385,1.6162079928733366,0.4791209399700165,1.4156502295265736,0.5178952813148499,0.027862006573744172,1.2032345533370972,0.9669005042473072,0.856620055218978,63
1.514229419310929,0.22302271974710747,1.9562550428812795,3.7127669560606917,3.089685518204987,2.366516325764137,1.7403286059593066,0.07619217995127257,2.9935487691424525,2.8210183705183525,2.283498363623762,0.734926900131779,2.7197041511535645,1.5891486406326294,2.9887654781341553,0.7581844879857887,3.612165928004684,0.5739546418190002,1.351283073425293,3.7294163703918457,0.4284072518348694,0.9221370413271941,3.0393395130378225,3.560699939727783,2.5235694124185946,3.1427998542785645,2.1658153186300173,1.23971426486969,1.096756506506625,2.4102862554770095,1.9708770513534546,1.148113489151001,2.769298553466797,3.3416783809661865,0.9343311190605164,1.5741364360333843,0.2689516842365265,1.6578794920367041,0.5178952813148499,0.11750440975050601,0.6376175284385681,0.8424530037351219,0.7694137224965298,63
1.2369285734843147,0.22302271974710747,1.9562550428812795,3.7127669560606917,3.089685518204987,2.366516325764137,1.7403286059593066,0.07619217995127257,3.9358460903167725,2.8210183705183525,3.115809917449951,0.8177387178086942,2.918452501296997,1.5891486406326294,0.07128962129354477,1.024729114279134,3.824101370947015,1.7992509603500366,1.351283073425293,2.85262131690979,0.4284072518348694,1.6913479164596328,2.792585803983241,1.6882401704788208,2.0229340125382844,2.5960025245795304,1.2796503454189767,2.6734955310821533,1.096756506506625,2.4102862554770095,1.9708770513534546,1.4445023047113763,2.0864526640648786,3.7571144104003906,2.6312179565429688,1.774711824090303,2.103271484375,1.8589775562286377,0.793007237784639,0.5291692137624888,1.2672712802886963,0.0519998426020533,0.8397189316391411,64
1.0066810056374689,0.32642687523598535,1.9562550428812795,3.7127669560606917,3.806517815373442,2.131900933814239,3.050208221172185,0.07619217995127257,3.351615004833874,3.3369644674041004,3.6565113067626953,0.8177387178086942,2.918452501296997,3.1677982807159424,2.157822847366333,1.024729114279134,3.8557140399286887,1.7992509603500366,0.5283937454223633,3.5094738006591797,0.4284072518348694,0.7612866162584421,2.792585803983241,3.560699939727783,2.0229340125382844,3.1631085872650146,1.3408782749398105,2.343980550765991,1.8194998084846277,2.4102862554770095,1.9708770513534546,1.5783554756056573,2.769298553466797,1.0100334882736206,2.90541672706604,1.6149885174575254,0.4791209399700165,1.7773009290565387,0.5178952813148499,0.027862006573744172,2.5560758113861084,0.33504196478815,0.84386117129184,64
1.2911898452652113,0.12838624758815015,1.9562550428812795,3.7127669560606917,3.6235294342041016,2.366516325764137,1.8389291670141885,0.07619217995127257,3.9358460903167725,2.9771061577644646,2.283498363623762,0.8177387178086942,2.436049699783325,1.8817682266235352,3.1832668781280518,1.024729114279134,3.8557140399286887,1.7992509603500366,0.5248215198516846,2.85262131690979,0.4284072518348694,0.9336190674968767,2.792585803983241,3.560699939727783,2.0229340125382844,0.9763951301574707,2.592329263687134,2.343980550765991,1.096756506506625,2.4102862554770095,1.9708770513534546,1.0603485447235068,2.769298553466797,0.7838177680969238,2.90541672706604,2.1345129986340705,0.4791209399700165,1.8589775562286377,2.2990193367004395,0.027862006573744172,1.2032345533370972,0.26845630856992536,0.803407254779621,65
1.335426850541865,0.22302271974710747,1.9562550428812795,3.68063878463511,3.089685518204987,2.366516325764137,1.9993890425661647,0.07619217995127257,1.6023480892181396,3.2956121277764807,2.283498363623762,1.1934454389303903,1.1040130853652954,1.5891486406326294,2.9887654781341553,1.024729114279134,3.9520418379433346,1.7992509603500366,1.351283073425293,3.9517552852630615,1.6442089080810547,0.9390015225868427,2.853758442925876,3.2991883754730225,2.0229340125382844,3.1631085872650146,1.8597016334533691,2.0195798873901367,0.8316784485880961,2.4102862554770095,1.9708770513534546,1.148113489151001,2.769298553466797,0.7838177680969238,2.90541672706604,2.1347713499896677,0.4791209399700165,1.8589775562286377,0.5178952813148499,0.35505867551749043,2.058521270751953,0.8107112941069821,0.8479831771178553,65
1.0617385056789823,0.22302271974710747,2.148682495140414,3.7127669560606917,3.089685518204987,3.0900460462447823,1.7403286059593066,0.07619217995127257,3.9358460903167725,2.7246749761023015,1.349474310874939,0.9974598861628353,2.270827208001554,1.8796629905700684,0.9528121948242188,1.024729114279134,3.8557140399286887,1.7992509603500366,3.7781286239624023,1.5200023651123047,1.1206995248794556,0.7612866162584421,2.937688498156305,3.560699939727783,2.0229340125382844,3.324980423398183,1.2673158645629883,1.1900099515914917,0.5287109174573108,2.4102862554770095,1.9708770513534546,0.5826342155044435,2.769298553466797,0.7838177680969238,2.90541672706604,1.677451387231524,0.4791209399700165,2.3448013325469415,0.5178952813148499,0.027862006573744172,1.2032345533370972,0.26845630856992536,0.8484399415878849,66
0.8187714790082276,0.057124841755425475,1.5333928054569501,3.736444270281641,3.089685518204987,2.366516325764137,1.5480584394619354,0.19099639877225827,1.85463275127059,2.671255947039796,3.466542959213257,0.8177387178086942,2.918452501296997,2.5746493339538574,2.9887654781341553,0.8103740992100434,3.8557140399286887,0.5309082269668579,3.4303550720214844,0.2078811228275299,0.4284072518348694,0.7612866162584421,2.792585803983241,0.2021121382713318,2.0229340125382844,1.6561199207818427,3.1858646869659424,3.8133506774902344,1.5773330715683032,2.5731542110443115,0.5643752813339233,1.148113489151001,2.769298553466797,1.7889239581960379,3.8251194953918457,1.774711824090303,0.4791209399700165,1.2593352346923044,0.5178952813148499,0.8249459449463046,2.1852102279663086,0.26845630856992536,0.834628276706943,66
1.2369285734843147,0.17552633903711118,1.9562550428812795,3.7127669560606917,3.089685518204987,2.6563538042979604,2.592171891102554,0.07619217995127257,2.4793436713984134,2.8210183705183525,3.349561929702759,0.8177387178086942,2.918452501296997,2.582784414291382,1.7315133810043335,1.0554903790300205,3.8557140399286887,1.7992509603500366,1.351283073425293,2.85262131690979,0.4284072518348694,0.7612866162584421,2.4804520834134234,1.1729791164398193,2.0229340125382844,3.1631085872650146,1.8699193000793457,0.5322455763816833,1.096756506506625,2.4102862554770095,2.29742693901062,1.3824405864550144,2.769298553466797,1.2309951412016886,1.6502625942230225,1.774711824090303,3.46431303024292,1.8589775562286377,0.5178952813148499,0.027862006573744172,1.2032345533370972,1.3375151362138213,0.8383336368850383,67
1.080960859548096,0.22302271974710747,1.6575497126964231,3.7127669560606917,3.5014946460723877,2.366516325764137,1.7403286059593066,0.06932874881208849,2.7171524373348266,2.8210183705183525,2.9933247566223145,1.4269052566441802,2.3751349384457408,1.8605953454971313,0.6821722388267517,1.2867110112238769,3.8557140399286887,1.7992509603500366,2.855180263519287,2.85262131690979,0.4284072518348694,1.0698369840952149,2.792585803983241,3.560699939727783,2.0229340125382844,2.8839167787923845,2.6838696002960205,0.8268723487854004,0.4778302138381906,0.39516744017601013,0.46985843777656555,1.2929391367973524,2.769298553466797,0.7838177680969238,0.07824404537677765,1.774711824090303,0.4791209399700165,1.8589775562286377,0.9448701564886889,0.027862006573744172,1.2032345533370972,0.26845630856992536,0.8484399415878849,67
1.2455627855804452,0.028336684388065164,1.9562550428812795,3.7127669560606917,3.089685518204987,2.366516325764137,1.7403286059593066,1.196488400022375,3.240580208045708,2.8210183705183525,2.283498363623762,2.685330390930176,3.774739780130554,0.35161811113357544,2.9887654781341553,1.024729114279134,3.5472800314028965,2.6997339725494385,1.4549760818481445,1.0391721725463867,0.4284072518348694,1.1891482143387901,2.792585803983241,3.560699939727783,2.0229340125382844,3.8271926816184942,1.8597016334533691,0.22075006365776062,1.5182841443558313,2.4102862554770095,2.8872504234313965,1.148113489151001,2.769298553466797,0.9331399003549681,2.2678046226501465,1.774711824090303,0.05332370474934578,1.8589775562286377,3.807137966156006,0.022373713552951813,1.6204413175582886,0.8160319328308105,0.8201118949687217,68
1.2369285734843147,0.22302271974710747,1.9562550428812795,3.7127669560606917,3.0045952964626808,2.366516325764137,1.7403286059593066,0.07619217995127257,3.4288867234864338,2.8210183705183525,1.2161144018173218,0.8177387178086942,2.918452501296997,3.5870625972747803,2.603731393814087,1.0403403998827072,3.9706754116114915,2.8161089420318604,2.748476505279541,2.85262131690979,2.904367446899414,0.7711675072880702,2.909091328259616,3.560699939727783,2.55596243761089,2.943484632515192,1.8597016334533691,2.343980550765991,1.4601667120205903,2.4102862554770095,1.9708770513534546,1.148113489151001,1.6458995342254639,0.7838177680969238,2.90541672706604,1.7879208974028573,0.4791209399700165,1.8589775562286377,3.4794819355010986,0.027862006573744172,1.2032345533370972,0.6082206964492798,0.8829014676634688,68
1.2369285734843147,0.22302271974710747,1.7729815696026896,3.7127669560606917,3.089685518204987,2.3656581672194874,1.7403286059593066,0.07619217995127257,3.9358460903167725,2.468136536787443,2.4986543070908724,1.1263698682221315,3.040472261576827,1.5891486406326294,2.9887654781341553,0.647462446670505,3.8557140399286887,2.108261823654175,1.351283073425293,2.9689573961384954,1.8369009494781494,1.0486368272505375,1.8550478219985962,3.560699939727783,2.0229340125382844,2.4334495067596436,1.8597016334533691,2.343980550765991,1.096756506506625,2.4102862554770095,0.8821890950202942,1.148113489151001,2.769298553466797,1.3986273617493805,2.90541672706604,2.119001059899511,0.11977548897266388,1.8589775562286377,0.5178952813148499,0.027862006573744172,0.9440779685974121,2.8174405097961426,0.7648684096660754,69
1.4969901432378963,0.5155287138899972,1.9562550428812795,3.7127669560606917,3.089685518204987,2.366516325764137,1.7403286059593066,0.9931139191840721,2.976229044696967,2.354566138240355,2.8907064489041163,0.9643401765168762,3.311993623971876,0.9561977982521057,2.9887654781341553,1.2826770444121627,3.1371363519410456,0.9467180967330933,1.351283073425293,2.85262131690979,0.9174150228500366,1.007656229366964,2.792585803983241,1.4326788578486416,2.0229340125382844,3.9884884357452393,1.8597016334533691,2.343980550765991,1.096756506506625,2.4102862554770095,0.3548213541507721,1.148113489151001,3.1974080065113277,0.7974445506249984,0.5740514993667603,2.1326809739470676,0.4791209399700165,1.8589775562286377,0.5178952813148499,0.027862006573744172,1.8643592596054077,1.5581450462341309,0.8972656090731689,69
1.3350343667301032,0.13319128840026534,2.3163874123646373,3.7127669560606917,3.089685518204987,2.589671411190098,1.7403286059593066,0.07619217995127257,3.9358460903167725,2.8210183705183525,1.9897503852844238,2.5252020359039307,2.918452501296997,2.3970892429351807,2.939749002456665,0.747559969841812,3.4565799623282176,1.7992509603500366,2.05722975730896,2.85262131690979,3.2567152976989746,1.9629559516906738,2.792585803983241,3.560699939727783,1.8762498164601726,3.1631085872650146,2.20474438421399,2.343980550765991,1.096756506506625,2.4102862554770095,1.9708770513534546,2.1871023178100586,2.4868242740631104,0.9836819256161259,2.90541672706604,2.022884886121863,2.131776809692383,1.06055748462677,0.8229933453450146,0.6686655879020691,1.2032345533370972,0.36957165598869324,0.8369460492245663,70
1.2369285734843147,0.18652685431495597,1.9562550428812795,3.7010370823250263,3.089685518204987,2.366516325764137,1.7403286059593066,0.07619217995127257,3.9358460903167725,2.8210183705183525,1.7344180345535278,2.2748584747314453,0.5239861011505127,1.5891486406326294,2.9887654781341553,1.024729114279134,3.8557140399286887,1.7992509603500366,2.586127519607544,2.85262131690979,0.4284072518348694,0.7612866162584421,1.4919817447662354,3.560699939727783,2.0229340125382844,2.122721847295949,1.8597016334533691,2.343980550765991,1.096756506506625,2.4102862554770095,1.5037027597427368,2.7528798580169678,2.03232741355896,0.7838177680969238,2.90541672706604,1.774711824090303,1.1772857904434204,2.7389702796936035,0.9501560454885034,0.027862006573744172,1.6965954303741455,1.5868710279464722,0.8846549976286542,70
1.2369285734843147,0.35763463503759263,2.5117098898119816,3.7127669560606917,3.089685518204987,0.0027070827782154083,2.0911660194396973,0.07619217995127257,0.13022664189338684,3.27972148260163,2.5143221159999323,0.8177387178086942,2.3679190446955936,1.5891486406326294,1.2271137237548828,0.957252572568923,3.8557140399286887,1.7992509603500366,3.871328592300415,3.6452152729034424,0.4284072518348694,0.29747001179528354,2.792585803983241,3.560699939727783,1.7934574329454058,3.1631085872650146,0.4128251075744629,2.343980550765991,1.867171409134149,2.4102862554770095,1.9708770513534546,1.148113489151001,2.213093687962613,0.7838177680969238,0.01443079486489296,1.407316500395718,1.8196589946746826,1.9346477025861915,0.9366851646851726,0.378545612783908,0.7989945411682129,2.999763011932373,0.9135263947376621,71
1.2369285734843147,0.22302271974710747,1.9562550428812795,3.687795909366217,3.089685518204987,1.0647841691970825,3.950991630554199,0.372146932572033,3.9358460903167725,2.750294560017047,2.1522816984195847,0.8177387178086942,2.918452501296997,1.5891486406326294,3.015805721282959,1.0710929974185321,3.8557140399286887,1.7992509603500366,3.735690116882324,2.85262131690979,0.4284072518348694,0.7612866162584421,2.792585803983241,3.560699939727783,2.0229340125382844,3.1631085872650146,1.8597016334533691,3.5039749145507812,1.096756506506625,1.537510871887207,1.9708770513534546,1.148113489151001,2.769298553466797,2.451004813866448,2.90541672706604,1.4659949846471108,2.995471239089966,1.6511777019473206,0.7980751964928109,0.6195175437131831,0.6698228716850281,0.4994025230407715,0.9118283888185011,71
1.2369285734843147,0.27182420888191444,1.5088980215052037,3.7537120562953636,3.225863218307495,2.366516325764137,1.8095026951835615,0.07619217995127257,3.9358460903167725,2.8210183705183525,2.283498363623762,0.8177387178086942,3.048143033935369,1.5891486406326294,2.9887654781341553,1.024729114279134,3.8557140399286887,3.394404411315918,1.351283073425293,2.85262131690979,0.4284072518348694,0.7612866162584421,3.4800933486762826,2.4403847995502175,2.0229340125382844,1.1452983617782593,3.2465763092041016,2.2679293155670166,1.096756506506625,1.8483687070347186,0.8316104412078857,3.4872210025787354,2.769298553466797,0.7838177680969238,3.521123170852661,1.774711824090303,1.969855785369873,2.4684746265411377,0.47766319603002,0.20163135234592616,0.6301133632659912,0.26845630856992536,0.8238825442520805,72
1.4220306907004439,0.22302271974710747,1.9562550428812795,3.7127669560606917,3.089685518204987,2.4716519891688895,1.7403286059593066,0.07619217995127257,3.9358460903167725,2.8210183705183525,2.6662560592738966,1.2385474333279531,2.918452501296997,1.5891486406326294,2.9887654781341553,1.024729114279134,3.8557140399286887,2.750885009765625,1.351283073425293,0.6955232620239258,0.4284072518348694,0.7612866162584421,2.880510401497401,2.5825125018458155,2.0229340125382844,3.1631085872650146,1.8597016334533691,0.8596996665000916,1.096756506506625,2.545572744239135,1.9708770513534546,3.0175528526306152,1.6013789176940918,0.7838177680969238,3.6276259422302246,1.3639459901118707,2.0047006607055664,3.2417054176330566,0.5178952813148499,0.8893510359416569,3.3018763065338135,0.26845630856992536,0.8158490840886763,72
1.43561260662369,0.22302271974710747,1.8721873840713998,3.7074907716848133,2.5157551765441895,2.366516325764137,1.7403286059593066,0.07619217995127257,3.9358460903167725,2.8210183705183525,2.283498363623762,0.8177387178086942,2.918452501296997,1.5891486406326294,2.9887654781341553,0.6880276688447631,3.8557140399286887,0.015402797609567642,1.351283073425293,2.1761910915374756,0.07851551473140717,0.9378108983833753,2.792585803983241,3.560699939727783,2.0229340125382844,3.5968332290649414,2.8890020847320557,0.3316703736782074,1.096756506506625,2.4102862554770095,1.9708770513534546,1.203595232972222,2.102346658706665,2.1254197175440495,2.90541672706604,1.774711824090303,0.4791209399700165,0.8308315873146057,0.8818833422689668,0.027862006573744172,1.2032345533370972,2.190600872039795,0.9002830854085713,73
1.448120019115569,0.22302271974710747,1.7857209347121707,3.7127669560606917,3.089685518204987,2.366516325764137,1.50823929916421,0.07619217995127257,3.754028410714705,2.575300552293533,2.283498363623762,0.3002858496849384,3.1768085794220404,2.7226274013519287,2.9887654781341553,0.7907824532971472,3.9729435602239587,2.5621299743652344,2.22857928276062,2.85262131690979,0.4284072518348694,0.744056553600879,2.792585803983241,3.560699939727783,2.0229340125382844,3.1631085872650146,1.8597016334533691,3.319451093673706,0.20264989175616283,2.4102862554770095,1.9708770513534546,1.148113489151001,1.5132840871810913,1.9310940875889462,2.90541672706604,1.774711824090303,3.8774940967559814,0.6512958407402039,0.5178952813148499,0.027862006573744172,1.2032345533370972,0.26845630856992536,0.822941501632867,73
1.0354644971915419,0.06911350592147211,2.260822337338917,3.7127669560606917,3.4065033422724866,2.366516325764137,2.298284046028507,0.07619217995127257,3.5377860430440142,2.8210183705183525,1.710670507894469,0.8177387178086942,2.918452501296997,1.5891486406326294,0.2554004490375519,1.1624897403403884,3.8557140399286887,3.3276965618133545,1.351283073425293,3.941912889480591,0.4284072518348694,0.7612866162584421,2.792585803983241,2.263996124267578,2.0229340125382844,3.1631085872650146,1.8597016334533691,2.343980550765991,1.096756506506625,2.4102862554770095,3.792973518371582,1.148113489151001,2.769298553466797,0.7838177680969238,2.90541672706604,1.566101830207193,0.4791209399700165,1.6994518440902167,0.5178952813148499,0.027862006573744172,1.2032345533370972,3.4851927757263184,0.7729304865337498,74
1.2369285734843147,0.553964429985736,2.288577680923966,3.7324238972095585,3.3215684560478884,2.4983804164026484,1.987735470924036,0.151940073552002,3.9358460903167725,2.6308158228596605,2.295867676431459,0.8661768107228988,2.918452501296997,1.5891486406326294,1.7691962718963623,1.024729114279134,3.8557140399286887,3.6590263843536377,1.351283073425293,2.85262131690979,0.4284072518348694,0.7612866162584421,2.792585803983241,3.560699939727783,2.0229340125382844,3.1631085872650146,1.8597016334533691,3.131293969084001,1.096756506506625,2.4102862554770095,3.3948147296905518,1.148113489151001,3.4401917457580566,0.7838177680969238,2.90541672706604,1.5556986639321042,0.4791209399700165,1.3000900278654524,0.9177114783808485,1.6416157484054565,1.2032345533370972,0.26845630856992536,0.8745241856425895,74
1.2369285734843147,0.22302271974710747,1.9562550428812795,1.9944032430648804,0.3097682595252991,2.3438800006757785,1.7403286059593066,0.07619217995127257,1.9191300868988037,2.8210183705183525,2.283498363623762,0.9291810905713962,2.918452501296997,1.5891486406326294,2.9887654781341553,1.024729114279134,3.3363722909834435,2.720128059387207,3.6494293212890625,2.85262131690979,3.226970672607422,0.7612866162584421,3.9492177963256836,3.059157371520996,2.0229340125382844,3.1631085872650146,1.8597016334533691,2.343980550765991,1.775772321616179,2.4102862554770095,1.9708770513534546,1.148113489151001,2.769298553466797,0.38191155105818997,2.90541672706604,2.2614689826200176,0.4791209399700165,2.0093580958848527,0.5178952813148499,0.027862006573744172,1.2032345533370972,2.105889320373535,0.7883161656486013,75
1.2369285734843147,0.22302271974710747,2.257478936447294,0.497239887714386,3.089685518204987,2.1510854825759873,2.897494316101074,0.07619217995127257,3.9358460903167725,3.2522679488619333,2.283498363623762,0.8177387178086942,1.899688482284546,3.882831335067749,2.9887654781341553,1.016078136407266,3.584529673816331,1.7992509603500366,1.6295052766799927,0.5767024755477905,2.358241558074951,0.7612866162584421,2.792585803983241,3.560699939727783,2.0229340125382844,3.1631085872650146,2.70797061920166,2.2204032708223727,1.8739755883528075,2.4102862554770095,1.9708770513534546,1.148113489151001,2.769298553466797,0.08568662706078128,2.90541672706604,1.774711824090303,0.4791209399700165,1.9770326930641482,0.5178952813148499,0.027862006573744172,1.2032345533370972,0.26845630856992536,0.8767364942259692,75
1.554395041072869,0.22302271974710747,1.9562550428812795,3.7127669560606917,3.63196063041687,2.366516325764137,1.7403286059593066,0.07619217995127257,3.9358460903167725,2.8210183705183525,2.87435245513916,0.5275179468193879,2.7441161458779515,1.5891486406326294,2.9887654781341553,0.7937829200980541,3.8557140399286887,1.7992509603500366,2.494964599609375,2.85262131690979,1.403094200933068,0.8886978171163424,3.9405531883239746,3.560699939727783,2.7232346715553613,3.9509832859039307,1.8597016334533691,2.343980550765991,1.2370579196422062,2.4102862554770095,2.139857769012451,2.3600709438323975,1.8456010818481445,1.2680532932281494,1.5120929479599,1.844391304869954,0.4791209399700165,1.8589775562286377,0.5178952813148499,0.027862006573744172,1.1014536619186401,2.071755886077881,0.8139473353855795,76
1.2369285734843147,0.2775811356832892,1.9562550428812795,3.7127669560606917,3.089685518204987,2.2964699951610905,1.7403286059593066,0.07619217995127257,3.9358460903167725,2.7576742112396,2.283498363623762,0.8177387178086942,2.811377563635104,1.5891486406326294,2.9887654781341553,1.0155087145146893,3.8557140399286887,1.7992509603500366,3.5713582038879395,2.85262131690979,0.4284072518348694,0.7612866162584421,2.227210521697998,0.014630313962697983,2.241045621005072,3.1631085872650146,1.843693588772462,2.343980550765991,1.4518856584903113,2.4102862554770095,3.8813681602478027,1.148113489151001,2.2011866569519043,1.3196948766708374,2.90541672706604,1.3165298135941563,0.16810914874076843,2.2759378518723463,0.5178952813148499,0.027862006573744172,1.2032345533370972,2.010028123855591,0.8570722167998018,76
1.171705718390807,1.9654598236083984,1.9562550428812795,3.7127669560606917,3.089685518204987,2.366516325764137,1.7403286059593066,0.09233489794825632,3.9358460903167725,2.8210183705183525,2.0625401507446575,0.8177387178086942,3.0980060417202804,1.5962854623794556,2.9887654781341553,1.024729114279134,3.8557140399286887,1.7992509603500366,1.351283073425293,2.778528839424147,2.667076826095581,0.7612866162584421,2.792585803983241,3.560699939727783,2.0229340125382844,3.1631085872650146,1.8597016334533691,2.343980550765991,0.024647844425644654,2.4102862554770095,1.9859488010406494,1.148113489151001,2.769298553466797,0.7838177680969238,0.2406926453113556,1.0308542251586914,1.7158238887786865,1.8589775562286377,0.6358160770882328,1.8740190333193567,1.464996576309204,0.26845630856992536,0.8815840312653253,77
1.3510123378273124,0.4594903886318207,2.4513319471489696,2.8365838527679443,3.089685518204987,2.508961508619977,1.7403286059593066,0.07235122279780823,3.9358460903167725,3.6740593910217285,2.0817171398938816,0.750421384785243,2.4541747506909855,2.3766722679138184,3.3909804821014404,1.024729114279134,3.9719215150904006,1.7992509603500366,1.351283073425293,3.160493129529184,0.4284072518348694,0.7093653678894043,2.792585803983241,3.560699939727783,1.9098543238123362,3.1631085872650146,1.8597016334533691,3.853461265563965,1.6680721746102545,3.6591999530792236,1.9708770513534546,1.148113489151001,2.769298553466797,0.7838177680969238,2.8975815773010254,1.774711824090303,0.4791209399700165,1.9191422880397222,0.6096847216786695,0.027862006573744172,1.2032345533370972,0.26845630856992536,0.8894593800189717,77
0.7670189253255375,0.22302271974710747,1.9562550428812795,1.6084098815917969,3.089685518204987,2.366516325764137,1.129504240646015,0.07619217995127257,3.9358460903167725,2.8210183705183525,2.283498363623762,0.8872202594851973,2.03382789202315,1.5891486406326294,1.9816324710845947,1.024729114279134,3.8557140399286887,1.7992509603500366,2.349601984024048,2.85262131690979,1.2666931792646556,0.7612866162584421,2.087191463159486,3.0981514669049304,2.0229340125382844,3.1631085872650146,2.2097465991973877,2.343980550765991,1.096756506506625,2.4102862554770095,3.6732747554779053,0.8850049339761312,1.745245099067688,1.0034594535827637,2.90541672706604,1.774711824090303,0.4791209399700165,1.8741842722064117,0.6054058547864487,0.027862006573744172,1.2032345533370972,0.26845630856992536,0.9015731979673431,78
0.8717605329591365,0.22302271974710747,1.3745998637679757,3.7127669560606917,2.656278610229492,2.074419367714006,1.1106624275404033,0.07619217995127257,2.6677472591400146,2.66198492543385,2.283498363623762,0.8152217768607696,2.918452501296997,2.657191038131714,2.702655792236328,0.8823061147792561,3.8557140399286887,1.7992509603500366,1.351283073425293,2.85262131690979,1.2794658793177531,0.7612866162584421,2.792585803983241,3.900153766860083,2.0229340125382844,3.1631085872650146,2.541468620300293,2.343980550765991,1.096756506506625,2.4102862554770095,2.239016056060791,1.148113489151001,3.3452038764953613,0.7838177680969238,2.90541672706604,2.1361306923094507,0.40805160999298096,1.4170188747527657,0.9856980883119733,0.027862006573744172,1.2032345533370972,0.26845630856992536,0.8955367719967716,78
1.2369285734843147,0.17136182325728938,2.432826049173278,3.7127669560606917,2.823899030685425,2.366516325764137,1.7403286059593066,0.46329078217237535,3.9358460903167725,2.8210183705183525,2.7465004563287256,2.551870346069336,2.918452501296997,3.778762102127075,2.9887654781341553,0.7423716478448613,3.8557140399286887,1.3985384702682495,1.4064146430579683,2.85262131690979,0.4284072518348694,0.7612866162584421,2.792585803983241,3.725533962249756,1.4633307052885933,2.2640764713287354,1.8597016334533691,2.6401867670210817,1.8573353742363354,2.4102862554770095,1.9708770513534546,1.148113489151001,2.7669272422790527,1.2676148311212123,2.90541672706604,1.774711824090303,0.4791209399700165,1.9951407856493582,1.4629002809524536,3.995317220687866,1.2032345533370972,0.23795762658119202,0.814423188881583,79
1.2369285734843147,0.07556009929168087,2.27418905796233,3.7127669560606917,3.089685518204987,2.366516325764137,1.7403286059593066,0.07619217995127257,3.7311324819680083,2.8983399919637947,2.283498363623762,1.9086283445358276,2.918452501296997,2.6747090816497803,0.6091146469116211,0.8925312064300994,3.8557140399286887,1.7992509603500366,1.351283073425293,2.85262131690979,0.4284072518348694,0.7612866162584421,1.2896184921264648,2.288238048553467,2.0229340125382844,3.1631085872650146,0.3112640380859375,2.108242680179753,1.096756506506625,2.7209808826446533,1.9708770513534546,1.5059031992240455,1.775222897529602,1.4239407806095696,2.744915008544922,1.774711824090303,0.4791209399700165,1.8589775562286377,0.5178952813148499,0.027862006573744172,1.2032345533370972,1.233891487121582,0.8665131082402175,79
1.2369285734843147,0.22302271974710747,1.9562550428812795,3.7127669560606917,3.1547454037401073,3.516213049487697,1.7403286059593066,0.07619217995127257,3.9358460903167725,2.9416903002046704,0.49942952394485474,0.19054529070854187,2.918452501296997,2.9699902534484863,0.6694158911705017,1.1693796760529929,3.8557140399286887,1.7992509603500366,0.844662606716156,2.85262131690979,0.4284072518348694,0.7612866162584421,2.2180585861206055,3.560699939727783,2.0229340125382844,3.1631085872650146,1.8597016334533691,2.343980550765991,1.096756506506625,2.4102862554770095,2.2709219455718994,1.148113489151001,3.669149398803711,0.7838177680969238,1.408530831336975,1.774711824090303,0.4791209399700165,1.8589775562286377,0.9441602485049789,0.027862006573744172,1.582733392715454,2.645479679107666,0.8257614122434691,80
1.2148188231217336,0.22302271974710747,1.5434326964519756,3.7032011567953913,3.2274720541942945,2.366516325764137,1.7403286059593066,0.3587231573944456,3.9890642595361103,2.8210183705183525,2.283498363623762,1.3897862434387207,2.918452501296997,1.5891486406326294,2.9887654781341553,1.024729114279134,3.588820709762759,1.7992509603500366,1.351283073425293,3.647007703781128,0.4284072518348694,0.7612866162584421,2.792585803983241,3.560699939727783,1.7435903218271191,1.6862887144088745,1.8597016334533691,2.3799440192407864,2.5607924461364746,1.7030984163284302,3.7791686058044434,1.148113489151001,2.1189122200012207,0.7838177680969238,2.90541672706604,2.0569322089920665,2.6151227951049805,1.8589775562286377,0.5178952813148499,0.027862006573744172,1.2032345533370972,0.26845630856992536,0.7951669625415642,80
1.2092355247386088,0.9509548659630959,1.9562550428812795,3.748871378489467,3.1191803119394206,2.366516325764137,1.7403286059593066,0.07619217995127257,3.9358460903167725,2.8210183705183525,3.219830274581909,0.8177387178086942,2.918452501296997,3.571018934249878,2.9887654781341553,1.331894341902818,0.8977686762809753,1.7992509603500366,1.351283073425293,0.5572162866592407,1.9107787609100342,1.1720314427931537,1.0693233013153076,3.560699939727783,2.0229340125382844,3.303130018942475,1.3947665691375732,2.343980550765991,1.096756506506625,2.4102862554770095,1.9708770513534546,0.6051612858795703,2.769298553466797,0.7838177680969238,2.6733511029364925,1.774711824090303,3.6803910732269287,2.098244465754765,0.5178952813148499,2.904625415802002,3.817166328430176,0.26845630856992536,0.9101272149695869,81
1.2369285734843147,0.40891660786476963,1.9562550428812795,3.740496699903014,3.141574855475889,1.1319758892059326,1.7403286059593066,0.07619217995127257,3.2881393493151525,2.588474238155306,2.93818998336792,0.8177387178086942,3.694098472595215,1.5891486406326294,2.87603497505188,1.024729114279134,3.8557140399286887,1.0858652591705322,1.351283073425293,0.6210845708847046,0.599928617477417,0.9702669676643514,3.768552780151367,3.560699939727783,2.424129395536393,3.1631085872650146,3.2303686141967773,2.343980550765991,1.096756506506625,1.6587740182876587,1.9708770513534546,0.2697362940223538,2.769298553466797,0.7838177680969238,2.6766419336387335,1.9010915517567348,0.4791209399700165,1.9980390179439906,3.0359504966258877,0.8439035415649414,3.4435393810272217,0.26845630856992536,0.9109781989937082,81
1.3985042374517684,0.02391158751648186,1.9562550428812795,3.7127669560606917,3.089685518204987,2.639050489177347,2.1082075326081915,0.07619217995127257,3.9358460903167725,2.8210183705183525,2.283498363623762,0.8177387178086942,2.918452501296997,1.5891486406326294,3.950861692428589,1.024729114279134,3.8557140399286887,1.0082297325134277,1.351283073425293,2.85262131690979,0.4284072518348694,0.7612866162584421,3.0947372217960436,2.83165934074214,3.2284874163983748,3.1631085872650146,1.8597016334533691,2.343980550765991,1.6396371126174927,2.4102862554770095,1.9708770513534546,1.148113489151001,2.769298553466797,2.2711498737335205,2.90541672706604,1.774711824090303,0.8532352447509766,2.603756904602051,0.7401825829159557,0.44170042872428894,3.367382049560547,0.26845630856992536,0.8327694140947748,82
1.3115057021534815,0.22302271974710747,2.0425589001748587,3.7509888142662002,3.089685518204987,2.534129185883795,1.7403286059593066,0.33588186463098174,3.8217411647374853,2.80569795086212,2.894827127456665,3.895930528640747,2.918452501296997,2.549003839492798,2.9887654781341553,1.024729114279134,3.837154367915147,2.1339950561523438,2.0897717475891113,2.85262131690979,0.4284072518348694,0.7612866162584421,2.897598944028222,3.560699939727783,2.252452353864429,3.1631085872650146,2.2471142799075317,2.343980550765991,3.06892728805542,2.463197708129883,1.9708770513534546,1.148113489151001,2.769298553466797,1.1775883436203003,3.443061351776123,1.774711824090303,0.4791209399700165,0.23674336075782776,0.5178952813148499,0.08087186515331268,1.2032345533370972,0.26845630856992536,0.8877153403409712,82
1.2800171233481152,0.1745319968941111,1.6586129917110466,3.7424786229384903,3.2022936979407413,2.3482734486615175,1.7403286059593066,0.010592129941263987,3.9358460903167725,2.9065673581235325,2.283498363623762,0.8177387178086942,2.918452501296997,1.5891486406326294,2.9887654781341553,0.8078731809427474,3.274016236278108,1.7992509603500366,2.79699969291687,2.85262131690979,0.6627635358654311,0.8892779016004251,2.792585803983241,3.560699939727783,1.9250482210641486,3.1631085872650146,1.8597016334533691,2.343980550765991,1.368773523321227,2.4102862554770095,3.472578763961792,1.148113489151001,2.769298553466797,2.658766810881648,3.719727039337158,1.7194429013383306,0.4693351856432393,1.8602562904429287,0.5178952813148499,0.027862006573744172,1.2032345533370972,0.26845630856992536,0.77593216962172,83
1.435612031700625,0.22302271974710747,1.9562550428812795,3.7663520287468266,3.195339812019043,2.366516325764137,1.6972591571151496,0.38253422957489,3.9358460903167725,3.0696415543786584,2.283498363623762,0.8177387178086942,2.918452501296997,2.1771745681762695,2.9887654781341553,1.024729114279134,3.8557140399286887,1.7992509603500366,1.351283073425293,2.85262131690979,0.25783850212793147,0.7612866162584421,2.792585803983241,3.8821539907530678,2.276839524622838,2.704200305312783,1.8597016334533691,3.4125006198883057,1.096756506506625,2.8254036526903556,1.9708770513534546,2.4973747730255127,0.27442628145217896,2.0501106596252523,3.5974044799804688,1.5882085929202212,0.4791209399700165,1.8589775562286377,0.5412801994538736,2.6417504115374117,1.2032345533370972,0.26845630856992536,0.7769301535320875,83
1.2369285734843147,0.22302271974710747,2.0860985859531063,3.7127669560606917,3.1919067908696896,2.099370338605048,1.7403286059593066,0.18327123595657155,3.95823751300071,2.8210183705183525,2.283498363623762,0.8177387178086942,2.918452501296997,1.5891486406326294,0.5382456183433533,0.8093365938741328,3.8557140399286887,1.7992509603500366,1.351283073425293,1.1057252883911133,0.4284072518348694,0.7930330039860469,2.792585803983241,3.7647270787014504,2.269361052698666,0.2836557019734056,1.8254557521906911,1.810680866241455,1.109922879530275,2.1116926325074954,2.45849609375,1.148113489151001,2.432560443878174,0.7838177680969238,0.7363775372505188,1.6589515513929007,0.4791209399700165,1.8589775562286377,0.5178952813148499,0.3293044183045478,1.2032345533370972,1.7582152101142003,0.844320165707771,84
1.2369285734843147,0.22302271974710747,1.9562550428812795,3.7127669560606917,3.089685518204987,2.3998215267205802,1.7685903573399804,0.6185114029334121,3.9358460903167725,2.660641313839098,2.283498363623762,1.146001254756808,2.918452501296997,1.1820135116577148,0.010091904550790787,1.024729114279134,3.902039652007101,3.358156204223633,1.351283073425293,2.85262131690979,0.6470435620692147,0.7612866162584421,2.613423662441326,3.560699939727783,2.0229340125382844,3.1631085872650146,1.7416408728193806,2.343980550765991,1.5280948268419738,1.9591383519622187,3.6102418899536133,1.148113489151001,1.2588677406311035,0.4160144095524711,2.509516954421997,1.774711824090303,1.6926351028836815,1.8589775562286377,0.5178952813148499,0.027862006573744172,1.2032345533370972,0.26845630856992536,0.8466114051054396,84
1.177712968318763,0.22302271974710747,2.030317586359846,3.7501908808352655,3.043974612286146,2.5937377924377434,1.7788783946617954,0.07619217995127257,3.9358460903167725,2.8210183705183525,0.49768781661987305,0.8177387178086942,2.922493233406291,1.5891486406326294,2.9887654781341553,0.7803744514928349,3.8588307230731194,0.6967858076095581,1.1573071479797363,2.85262131690979,0.8807015087225597,3.02432870077138,2.792585803983241,3.560699939727783,2.3362698370126935,3.8118195737462384,2.1261521094983373,3.5751237869262695,1.096756506506625,2.4102862554770095,1.9708770513534546,0.778083324432373,0.017511408776044846,0.7838177680969238,3.9648373126983643,1.5673943172082094,1.1086274344300635,1.895257034040105,0.5178952813148499,1.7037202261359012,1.2032345533370972,1.4210469541528516,0.8736376935894598,85
1.0716987055212244,0.22302271974710747,2.135804253621293,3.7127669560606917,3.122008304455691,2.366516325764137,1.7403286059593066,0.3653328768319929,3.47363819981814,2.6695193068079015,0.13399654626846313,0.8177387178086942,3.143971826986948,1.5891486406326294,3.184569847589171,0.9401032902941154,3.8803531805232425,2.8796167373657227,3.6419928073883057,0.40512487292289734,0.4284072518348694,2.743784468934613,2.792585803983241,3.550186113441522,1.7374135783779863,3.1631085872650146,1.8597016334533691,2.343980550765991,1.0076928023349478,2.6053218841552734,1.9708770513534546,1.148113489151001,2.769298553466797,0.7838177680969238,2.90541672706604,1.4550180937218915,0.9950811257585951,1.8589775562286377,0.5178952813148499,0.027862006573744172,1.2032345533370972,0.26845630856992536,0.8718620053846045,85
1.3238858529273336,0.22302271974710747,1.9562550428812795,3.74363432602039,3.089685518204987,2.366516325764137,1.8559018515012378,0.07619217995127257,3.7587039949921373,2.8210183705183525,2.283498363623762,0.8177387178086942,2.918452501296997,2.5093250274658203,2.4400035759960153,0.9319621784124098,3.8557140399286887,1.7712050676345825,3.0966670513153076,2.85262131690979,0.1590618838500718,0.5706569006661479,2.9649825436955415,3.560699939727783,2.0307798385620117,2.4174326307989453,2.1434123845780846,2.343980550765991,1.096756506506625,3.227731227874756,0.9909152984619141,1.148113489151001,2.769298553466797,0.7838177680969238,2.6475610052464433,1.774711824090303,0.4791209399700165,1.6203872387305667,0.5178952813148499,0.027862006573744172,0.8104579883740453,0.26845630856992536,0.785361816096468,86
1.340178738818854,0.21621887878765264,1.9562550428812795,3.6972067153048664,3.3413642607974054,2.6459425768851803,1.7403286059593066,0.07619217995127257,3.4953188465315863,2.8210183705183525,2.283498363623762,0.8177387178086942,2.918452501296997,1.5891486406326294,2.9887654781341553,0.8218938591757334,3.8557140399286887,1.7992509603500366,1.8715177774429321,2.85262131690979,0.4284072518348694,0.6090195369175576,2.792585803983241,3.560699939727783,2.0229340125382844,1.7264977951267593,2.038647696672579,1.0279498100280762,0.21320758711044188,1.3821656703948975,1.3792730569839478,1.148113489151001,3.6076667526944823,1.480981010460911,2.90541672706604,1.774711824090303,0.4791209399700165,1.8589775562286377,0.5178952813148499,0.9974515471975559,1.2032345533370972,0.2946371304478208,0.817272491540378,86
1.3698404461979294,0.22302271974710747,1.9562550428812795,3.7127669560606917,3.089685518204987,2.366516325764137,1.869108956470643,0.07619217995127257,3.9358460903167725,2.9536341344314008,1.6901124715805054,2.929243997363035,2.918452501296997,1.2046849727630615,2.9887654781341553,1.024729114279134,3.727007954704295,3.6996490955352783,1.351283073425293,2.85262131690979,2.004341277634736,0.7612866162584421,2.792585803983241,3.937906697252033,2.0229340125382844,0.758106654304555,1.8597016334533691,2.3928804695157457,1.096756506506625,2.4102862554770095,2.2989084720611572,0.46407189000175797,2.769298553466797,0.7838177680969238,1.3550364081648312,1.774711824090303,2.718970639910018,1.8589775562286377,0.30307697798148137,0.027862006573744172,1.2032345533370972,0.205590576431002,0.8327694140947748,87
1.3447308764714951,0.22302271974710747,1.9562550428812795,3.7112078257472727,3.034196760070312,2.366516325764137,1.8290698957874056,0.07619217995127257,3.9358460903167725,2.8210183705183525,2.4700803756713867,0.8177387178086942,2.918452501296997,0.43691879510879517,2.9887654781341553,1.024729114279134,3.998503089205233,1.7992509603500366,1.351283073425293,2.85262131690979,0.4284072518348694,0.9214933410536179,2.67894828079617,3.606874718040533,2.0229340125382844,1.0878227751223515,0.5868434309959412,2.3436844334848748,0.5859574898790938,2.1270330434906555,1.9708770513534546,1.7012288381490899,3.2478151956957353,0.2755023679773777,2.90541672706604,1.774711824090303,0.9667975058004087,1.8589775562286377,0.3650307196040153,0.027862006573744172,0.1842684317259293,0.26845630856992536,0.8633776150125686,87
1.2369285734843147,0.18707435459336474,2.1224503758086444,3.720997213365044,3.089685518204987,2.366516325764137,1.7403286059593066,0.07619217995127257,3.9358460903167725,2.8210183705183525,1.5536886904755984,0.29039047888135455,2.918452501296997,1.5891486406326294,2.9887654781341553,1.024729114279134,3.8557140399286887,1.9696059226989746,1.351283073425293,2.85262131690979,0.4284072518348694,0.9585670427416919,1.7124193906784058,3.560699939727783,2.0229340125382844,3.1631085872650146,1.8597016334533691,2.343980550765991,1.678644932273203,2.169132798827464,1.5093229846212468,1.2846084833145142,2.6646463871002197,1.246941615762753,2.90541672706604,1.774711824090303,1.884518684615816,1.8589775562286377,0.5178952813148499,0.027862006573744172,1.2032345533370972,2.488219193703039,0.8411019448161239,88
1.2369285734843147,0.22302271974710747,1.9562550428812795,3.7127669560606917,3.1595647945214758,2.0226831361117705,1.7403286059593066,0.07619217995127257,3.565262192308192,2.8210183705183525,2.6088350146153783,0.44231831443095193,2.918452501296997,1.6822947263717651,2.9887654781341553,1.024729114279134,2.818965696147777,1.7992509603500366,2.57165789604187,2.7418081760406494,0.4284072518348694,0.9221948158429314,3.446117639541626,3.560699939727783,2.1520710386486135,3.0559954299851997,2.004866512870329,2.343980550765991,1.4748267119865863,2.4102862554770095,2.068656992777554,3.7756783962249756,3.5151562690734863,0.7838177680969238,1.6751527786254883,1.774711824090303,0.4791209399700165,1.8589775562286377,0.5178952813148499,2.2733383799456846,3.2999179363250732,0.26845630856992536,0.7628395774198298,88
1.2369285734843147,0.22302271974710747,1.7251483692381822,3.6500275023000475,2.9903831152645903,2.5389698809880445,1.5969359920552177,1.5772338474061132,3.9358460903167725,2.8210183705183525,1.3094048500061035,1.0840873536167335,2.918452501296997,2.4504075050354004,2.9887654781341553,1.024729114279134,3.9038854752522623,1.7992509603500366,2.100234031677246,2.549339570649967,0.4284072518348694,0.8881091769715544,2.792585803983241,3.662027038217096,0.15097546577453613,3.1631085872650146,2.0826083730982727,2.343980550765991,0.38426259957558195,2.3612715175407786,1.9708770513534546,1.148113489151001,2.769298553466797,0.7838177680969238,2.8482442888570603,1.774711824090303,0.4791209399700165,1.8589775562286377,0.5178952813148499,0.027862006573744172,1.2032345533370972,0.3046328943169218,0.8299733141560541,89
1.2369285734843147,0.22302271974710747,1.9562550428812795,3.7127669560606917,3.064472980210618,2.458716331426943,1.7403286059593066,2.6218405989273816,3.9358460903167725,2.8798072426357386,2.283498363623762,0.5038187391377871,2.918452501296997,0.1816015988588333,2.9887654781341553,1.024729114279134,3.714354515888906,1.7992509603500366,1.351283073425293,1.9805079785562125,1.3167559169102536,0.671260665960293,2.8331977111549245,0.8074321062357032,2.0229340125382844,3.1631085872650146,1.8597016334533691,2.343980550765991,0.12256358358230098,2.4102862554770095,1.9708770513534546,2.509102429388297,2.769298553466797,0.7838177680969238,3.7068341485412266,1.691145384640766,0.24166436008341657,1.8589775562286377,0.7481529430775806,0.027862006573744172,3.4749345286904787,0.26845630856992536,0.9058603034467728,89
1.2369285734843147,0.22302271974710747,1.9562550428812795,3.7127669560606917,2.9526845327050104,2.230578105870327,1.7403286059593066,0.07619217995127257,3.9358460903167725,2.8210183705183525,2.5338094234466553,0.8177387178086942,2.4367623329162598,0.5228590965270996,2.9887654781341553,1.024729114279134,3.8557140399286887,1.7992509603500366,1.351283073425293,1.1619691848754883,0.4284072518348694,0.8646592689301236,2.792585803983241,1.5862406128161253,2.835156202316284,3.1631085872650146,1.9506741143445572,2.343980550765991,1.046305775642395,2.410806054287963,1.9708770513534546,3.2045185565948486,2.769298553466797,3.1289546588184542,2.90541672706604,1.6566528294866338,0.4791209399700165,1.8442226298171513,0.7678019502870009,0.027862006573744172,1.2032345533370972,0.16426086313254318,0.8894593800189717,90
1.2787913336566883,0.23959124800329323,1.9462966020594732,3.760143981954552,2.9536879399278746,2.366516325764137,1.7403286059593066,0.07619217995127257,3.572847103989572,2.8210183705183525,2.283498363623762,0.8177387178086942,2.918452501296997,1.5891486406326294,3.3319489697645728,0.8970132198541216,3.313634125771653,1.7992509603500366,1.0928122997283936,2.85262131690979,1.985274538441865,0.8694001055396425,2.792585803983241,3.560699939727783,3.4455316066741943,3.1631085872650146,1.8597016334533691,2.343980550765991,1.096756506506625,2.4102862554770095,3.762664794921875,1.148113489151001,2.769298553466797,0.7838177680969238,2.90541672706604,1.6887788590037958,0.4791209399700165,2.029926916884175,0.5178952813148499,0.027862006573744172,1.2032345533370972,0.26845630856992536,0.8327694140947748,90
1.2369285734843147,0.22302271974710747,1.759444380193541,3.693032873380749,3.0867627582486517,2.366516325764137,1.6472406540017557,0.07619217995127257,3.9557120280306024,2.8210183705183525,2.283498363623762,0.8177387178086942,2.918452501296997,2.3048422975097687,2.9887654781341553,1.024729114279134,3.8557140399286887,2.412246466818618,2.809447765350342,3.578300333247317,0.4284072518348694,0.8462035438627775,2.792585803983241,3.560699939727783,1.701760780682678,2.5188896656036377,1.8597016334533691,1.9509217739105225,1.096756506506625,2.6357064124651703,1.9708770513534546,1.4303315877914429,2.769298553466797,0.7838177680969238,2.90541672706604,1.774711824090303,0.4791209399700165,2.227813043814988,0.6121608249348629,1.2283380967807112,3.2491250038146973,0.39944466624519515,0.7975994153404239,91
1.381471967759813,0.380080653753894,1.9562550428812795,3.7127669560606917,3.171526135688187,2.555284146416635,1.7403286059593066,0.22713592680253022,3.6965582229970546,2.8666206473945475,2.283498363623762,0.6411023406069317,2.918452501296997,2.0830338600019327,2.9887654781341553,1.139435587634634,3.8557140399286887,2.6241038089432482,1.351283073425293,2.85262131690979,1.4076584702347157,0.7612866162584421,2.792585803983241,3.560699939727783,2.0229340125382844,3.1631085872650146,1.7358332770183418,2.343980550765991,1.096756506506625,2.5225029019553378,0.7558205127716064,1.148113489151001,3.5537264347076416,0.7838177680969238,2.90541672706604,1.774711824090303,0.4791209399700165,1.9950377110524555,0.7713485020452309,0.027862006573744172,1.2032345533370972,0.407159423426954,0.8243526627178707,91
1.5297304468957096,0.22302271974710747,1.9562550428812795,3.632303751828948,3.110577636840597,2.366516325764137,1.7403286059593066,0.410935696993571,3.9358460903167725,2.8210183705183525,2.283498363623762,0.8177387178086942,3.1039296688155,0.7662404775619507,2.9887654781341553,1.024729114279134,3.8557140399286887,0.3982574939727783,0.3744652100131458,2.85262131690979,0.9828262975531525,0.7612866162584421,2.792585803983241,3.681658802783702,2.0229340125382844,2.668082365847828,1.8597016334533691,1.9044923782348633,1.096756506506625,2.216647671347199,2.7633914947509766,1.148113489151001,2.769298553466797,2.288928747177124,1.6178619861602783,1.774711824090303,0.4791209399700165,1.8589775562286377,0.5178952813148499,1.410226870659787,0.3209124505519867,0.26845630856992536,0.8579758250811325,92
1.2680201082646567,0.19760421417490406,1.9562550428812795,3.6879223954861997,3.1632522633451323,2.366516325764137,1.7403286059593066,0.07619217995127257,3.9128919158833653,2.8210183705183525,2.283498363623762,1.188362003510084,3.0980452234309412,1.5891486406326294,3.1845988936475518,1.0461758820538427,3.8557140399286887,1.8507999181747437,0.8651958654909382,2.85262131690979,0.27108131418707127,0.7612866162584421,3.0191493399800753,3.923115175609408,2.0229340125382844,3.1631085872650146,1.8597016334533691,2.343980550765991,1.096756506506625,2.2034277479135436,1.9708770513534546,1.148113489151001,2.769298553466797,1.3943150043487549,1.971123456954956,2.135598749958267,0.4791209399700165,2.213929037133455,0.48673962987917907,0.027862006573744172,1.5491431951522827,0.26845630856992536,0.8177464101024101,92
1.3737070530237023,0.08909082165855843,2.017345075910142,3.7127669560606917,3.089685518204987,2.366516325764137,1.7403286059593066,0.07619217995127257,3.990914329901603,2.8234281205989293,0.7688369750976562,0.8177387178086942,2.918452501296997,2.973231554031372,2.6221418528238236,1.1602254886357564,3.9658445628303913,1.7992509603500366,0.5397889614105225,1.9995929322237187,1.020942760926235,0.0008371023058090339,2.792585803983241,3.560699939727783,2.0229340125382844,3.216266537827167,1.9313469163031836,2.343980550765991,1.096756506506625,2.809598684310913,1.9708770513534546,1.148113489151001,2.769298553466797,2.0025940203991945,2.90541672706604,1.769449516454628,0.9409074927915624,1.8589775562286377,0.5178952813148499,0.6964137364653467,2.466137077891096,0.14810027608946075,0.862928757371099,93
1.2369285734843147,0.125818173966236,1.7766933354146601,3.7154011995086824,3.089685518204987,1.7444548606872559,1.7403286059593066,0.07619217995127257,3.9342729121379088,2.7270449788313256,1.0209652185440063,0.7825798328786853,2.6452373213841183,2.640679359436035,3.978873411243164,1.024729114279134,3.96599958103594,1.7992509603500366,0.9538308382034302,2.85262131690979,2.0380850220942004,0.7612866162584421,3.0305173661158116,3.560699939727783,2.0229340125382844,3.5345609756793186,1.84617882387269,3.608342170715332,1.320058557873153,2.871206045150757,0.6924147605895996,1.2394772808442653,2.653663802517514,0.0032538108015757778,3.6350374726384955,1.635102026450219,0.4791209399700165,1.6270675961245165,0.5178952813148499,0.6311156337896925,3.8269834695576797,0.2125419163606448,0.7888074814742028,93
1.2369285734843147,0.2113086558777458,2.2476334752819063,3.7213181161135607,3.1656410726884587,2.366516325764137,1.8983452779997918,0.07619217995127257,3.912542760861494,2.79117784486573,2.283498363623762,0.8177387178086942,2.918452501296997,2.0287368297576904,1.554896354675293,1.024729114279134,1.678769516371223,1.6018505523430988,1.351283073425293,2.85262131690979,0.4284072518348694,0.8358354534114794,2.792585803983241,3.560699939727783,2.024105902154545,0.12971954475063807,1.8597016334533691,0.7070704698562622,1.096756506506625,2.4102862554770095,0.756427526473999,2.860887050628662,2.769298553466797,1.1461354542438642,2.90541672706604,1.9265886163723542,0.4791209399700165,1.5180062224232407,0.5178952813148499,0.027862006573744172,1.8691858053207397,0.26845630856992536,0.8479831771178553,94
1.3790231098742645,0.14346816609828966,1.9562550428812795,3.727181758607901,3.089685518204987,2.606652632477961,1.8090077686490122,0.07619217995127257,3.5208026717352583,2.8210183705183525,0.7502947449684143,0.8177387178086942,2.641396999359131,1.5891486406326294,2.9887654781341553,1.024729114279134,3.8557140399286887,1.7992509603500366,1.351283073425293,2.85262131690979,0.4284072518348694,0.7612866162584421,2.792585803983241,1.0856746404387076,2.0229340125382844,2.7482007946566207,1.8597016334533691,2.343980550765991,1.096756506506625,2.4102862554770095,1.9708770513534546,2.272068500518799,2.769298553466797,0.7838177680969238,2.809549570083618,1.774711824090303,0.4791209399700165,1.8589775562286377,0.4645045801253661,2.790179347278604,3.198993682861328,0.3611764568975618,0.8829014676634688,94
1.1994140631867192,0.22302271974710747,1.9562550428812795,3.7127669560606917,3.382351433651573,2.366516325764137,1.7403286059593066,0.07619217995127257,3.8603341451201767,2.8210183705183525,2.283498363623762,0.47393525500621664,3.3529908657073975,1.5891486406326294,2.8661757063816804,1.024729114279134,3.8557140399286887,1.6483298044775112,1.2692958116531372,2.85262131690979,2.325528840757292,0.7612866162584421,2.792585803983241,3.732038500586391,2.0229340125382844,1.5787208080291748,2.0381637665001904,3.5132083892822266,1.096756506506625,2.4102862554770095,1.9708770513534546,2.0203144550323486,1.8658843040466309,0.7838177680969238,2.90541672706604,1.8276919347133769,2.0772883440598435,1.8589775562286377,0.5178952813148499,0.027862006573744172,1.2032345533370972,0.13069538824833712,0.7799164431578318,95
1.2369285734843147,0.22302271974710747,1.900337227027031,3.713250153726096,3.3405555386604524,2.366516325764137,1.7403286059593066,0.5778417382084032,3.9358460903167725,2.8210183705183525,2.283498363623762,0.8177387178086942,2.918452501296997,0.9425655154441321,3.0068691775848624,1.1423624960246508,3.8557140399286887,1.7992509603500366,3.423003911972046,3.1838598251342773,0.4284072518348694,0.7612866162584421,3.199453902974398,3.560699939727783,2.0229340125382844,3.1631085872650146,1.8597016334533691,2.6148929595947266,2.191194534301758,2.4102862554770095,1.6255078315734863,1.148113489151001,2.769298553466797,2.8555582687442542,2.90541672706604,1.774711824090303,1.616587505409244,1.4969932678672926,0.9761599371725921,0.9661003287447031,3.8514504432678223,0.26845630856992536,0.8511753810597579,95
1.2369285734843147,0.22302271974710747,1.9562550428812795,3.7222576417842523,3.6033378931810116,2.27795546707042,1.6655520379329047,0.07619217995127257,3.9358460903167725,2.8760738925503864,2.283498363623762,0.8177387178086942,1.5734915733337402,1.5891486406326294,2.9887654781341553,0.8204762293563491,3.8557140399286887,1.7992509603500366,0.2016587108373642,2.85262131690979,0.4284072518348694,0.7612866162584421,2.792585803983241,3.7945060686114216,2.2534884483505486,3.1631085872650146,2.0226472513691145,2.343980550765991,1.096756506506625,2.4102862554770095,1.9708770513534546,2.20710825920105,2.769298553466797,0.9807855882940115,3.9718708992004395,1.6769428407501128,0.4791209399700165,1.6449701466539546,0.5178952813148499,1.5345542557313565,1.2032345533370972,0.38705986320633523,0.8811444480760577,96
1.2369285734843147,0.13613925527044807,1.7702276106541792,3.7127669560606917,2.6787189616683937,2.033412898680863,1.7403286059593066,0.07619217995127257,3.9358460903167725,2.8210183705183525,2.283498363623762,0.8177387178086942,2.918452501296997,1.5891486406326294,2.9887654781341553,0.8535610610154907,3.8557140399286887,1.7992509603500366,1.351283073425293,2.85262131690979,0.4284072518348694,0.8961992967035779,2.792585803983241,3.560699939727783,2.0043890107704034,2.941558837890625,1.9465535683256623,0.01854811981320381,1.096756506506625,2.4102862554770095,1.9708770513534546,2.6589882373809814,2.8376588821411133,1.4116915142962174,3.382687568664551,1.774711824090303,3.2443676793010274,1.6246566831325513,0.5178952813148499,3.150066622265089,0.7276750774493378,0.17158036362585471,0.9062878986102821,96
1.2369285734843147,0.4024552549908963,1.3435763120651245,3.7204456213535657,3.1866294250866494,3.274113893508911,1.7403286059593066,0.07619217995127257,3.9358460903167725,2.8210183705183525,2.283498363623762,0.8177387178086942,2.918452501296997,2.093961477279663,2.9887654781341553,0.9623200040329205,3.321552033453364,1.7992509603500366,0.09029808997170398,2.85262131690979,1.7416836402844627,0.7612866162584421,3.078669652090472,3.423533277554365,2.0229340125382844,3.1631085872650146,0.559376060962677,2.343980550765991,2.338853790906808,2.4102862554770095,1.9708770513534546,1.155421410622981,2.769298553466797,0.7838177680969238,1.1810965859370248,1.774711824090303,0.4791209399700165,1.8589775562286377,0.5178952813148499,0.027862006573744172,1.2032345533370972,0.26845630856992536,0.8557150152882919,97
1.1983074291795055,0.22302271974710747,1.5406036376953125,3.7127669560606917,3.089685518204987,2.877598762512207,1.7403286059593066,1.3239239947536252,3.937275956631312,2.8210183705183525,0.11993944644927979,0.8177387178086942,3.424613891272568,1.5891486406326294,2.9887654781341553,1.024729114279134,3.8557140399286887,1.7992509603500366,0.9385108876302554,2.8126972382814572,2.3253479724821613,0.7612866162584421,3.022716302488179,2.117049529163703,2.0229340125382844,3.9699286941025633,2.604823589324951,2.343980550765991,1.2204115339738821,2.4102862554770095,1.9708770513534546,1.0648559029166609,2.769298553466797,0.7838177680969238,2.90541672706604,1.711980544954636,0.4791209399700165,1.8589775562286377,0.46746821881480755,0.8658765242285505,0.005192263253077732,0.38019357007012355,0.872306266307898,97
1.0763908044161217,0.22302271974710747,1.6918293423988962,3.701674665844658,3.089685518204987,2.962977886199951,1.7403286059593066,0.21341630738514658,3.9358460903167725,2.8210183705183525,0.17837205529212952,1.136207003456024,2.918452501296997,1.5891486406326294,2.9887654781341553,0.9145200176336138,3.8557140399286887,0.9835337400436401,1.351283073425293,3.309156053264283,1.4340856544006475,0.7612866162584421,2.792585803983241,3.560699939727783,2.0229340125382844,3.1631085872650146,2.015339996430328,2.0631511211395264,0.08504571741760568,2.968101978302002,1.6530418395996094,1.148113489151001,2.769298553466797,0.056421925538635787,2.90541672706604,1.774711824090303,2.3589222541851935,1.8589775562286377,0.5178952813148499,0.17443674503668824,1.2032345533370972,0.26845630856992536,0.9152212503594077,98
1.2369285734843147,0.22302271974710747,1.9562550428812795,3.713375369771554,3.1393209108844875,2.366516325764137,1.7403286059593066,0.07619217995127257,3.6989309470545417,2.72655198081461,2.3598947525024414,0.8177387178086942,2.918452501296997,0.4152239263057709,2.9887654781341553,0.9560457606802485,3.8557140399286887,1.7992509603500366,1.351283073425293,2.85262131690979,3.1745172719756125,0.7612866162584421,2.7907278149723433,3.560699939727783,1.7779384124559467,3.1631085872650146,1.8597016334533691,2.401360511779785,0.8484768575953122,1.5636987686157227,2.334284782409668,1.148113489151001,2.769298553466797,0.7838177680969238,2.90541672706604,1.774711824090303,3.052660359119997,1.8589775562286377,0.5178952813148499,0.10718989429505174,1.2032345533370972,1.9087583885612294,0.8350923458429992,98
1.2124366912073112,0.22302271974710747,3.3745086193084717,3.713235550755853,3.089685518204987,2.366516325764137,0.853338360786438,0.2668413858040462,2.967491315961623,2.8210183705183525,2.709222910150388,0.8177387178086942,3.448331104338337,1.5891486406326294,2.038892698515917,0.9573194121058595,3.8557140399286887,1.7992509603500366,0.6082050800323486,2.85262131690979,0.4284072518348694,0.7612866162584421,2.261154815815691,3.560699939727783,2.0229340125382844,3.1631085872650146,1.6670269864968508,2.343980550765991,1.8172881757456696,1.9477119445800781,1.9708770513534546,1.148113489151001,2.7334268805560544,0.7838177680969238,2.854843962917176,1.6913964799717147,0.4791209399700165,2.0291391893747996,0.5178952813148499,0.6483386091299446,2.0607337227990823,0.26845630856992536,0.9164903352080276,99
1.2886401334324171,0.15852163028310476,2.2120237350463867,3.7127669560606917,3.089685518204987,1.5110838413238525,1.7403286059593066,0.07619217995127257,3.0931572641610403,2.8210183705183525,2.283498363623762,0.8177387178086942,2.918452501296997,1.5908892154693604,2.9887654781341553,1.055201693506287,3.8557140399286887,1.7992509603500366,1.351283073425293,3.5167418902030265,0.4284072518348694,0.7612866162584421,2.792585803983241,3.560699939727783,2.136324106959094,3.1631085872650146,1.8969657073747732,2.343980550765991,1.09097164158431,2.4102862554770095,0.8547241687774658,1.0369538120005428,2.769298553466797,0.7838177680969238,2.90541672706604,1.670341481473004,0.21955518331754215,1.9419825288250119,0.5178952813148499,0.027862006573744172,0.7606236867070543,0.26845630856992536,0.886842034334843,99
1.2369285734843147,0.22302271974710747,1.9562550428812795,3.7127669560606917,3.1360365602810822,2.366516325764137,3.2268240451812744,0.07488797091565726,3.86937604555055,2.8210183705183525,2.2609622336023194,0.08153044556156802,2.7714894593172,1.9024561643600464,2.9887654781341553,1.024729114279134,3.8557140399286887,1.7992509603500366,1.351283073425293,1.5174560546875,3.153868243377563,0.7612866162584421,3.6922574043273926,3.8789553357795468,2.0229340125382844,3.8179351942372475,1.720916400181133,2.343980550765991,1.522487806834597,0.8459583520889282,1.9708770513534546,1.6801077307105647,2.426980495452881,0.7838177680969238,2.941082954461774,1.0316789150238037,0.4791209399700165,1.8589775562286377,0.5178952813148499,2.664200158242785,1.6961952726884444,0.26845630856992536,0.862928757371099,100
1.3434682649947627,0.26244115450663613,1.9562550428812795,3.777917602211487,3.135558101555271,2.329635823516879,3.933468818664551,0.07619217995127257,3.9310660676139246,2.8210183705183525,2.283498363623762,0.8177387178086942,3.1183230711652374,1.5891486406326294,2.638868150355534,1.207539311790728,3.617600012962783,1.8184109926223755,0.07188943773508072,0.6286605000495911,0.4284072518348694,2.3627496064852953,2.792585803983241,3.95006299096553,2.0229340125382844,3.1631085872650146,1.7458129382908945,1.6630007022262034,0.8438721028219394,2.4102862554770095,0.32050302624702454,1.148113489151001,1.8464657068252563,0.40155873134301046,2.90541672706604,1.774711824090303,0.4791209399700165,1.8589775562286377,2.8119597424645493,0.027862006573744172,1.2032345533370972,0.26845630856992536,0.9105528063956854,100
